10000
1418 1348
1494 1282
1366 330
444 72
262 1166
1484 1442
1660 914
1954 1236
984 220
920 1248
1522 1936
1210 1934
868 812
1780 1490
1010 1274
726 1132
1876 220
414 1242
1254 112
18 1516
1982 206
958 1642
1120 1462
132 808
1682 1756
606 1908
242 520
392 1110
36 876
1304 1046
854 30
1432 730
1504 1846
676 758
662 1398
824 1194
1604 486
1540 1978
1948 1672
786 1588
1978 96
1496 924
616 1888
738 1906
1468 42
1656 872
72 1088
306 1576
188 236
1588 850
1634 1116
748 492
1602 1542
470 804
1214 1256
392 1896
606 592
1524 1222
1734 262
1832 1202
304 742
778 1630
1830 338
1910 18
1278 202
122 1616
1318 1574
108 174
1116 578
1682 1584
1088 778
184 1694
1370 258
1620 1808
1224 706
264 78
1448 1746
412 1278
788 322
550 66
1074 1376
936 1096
950 1044
1974 1320
172 360
904 1964
1138 1088
1658 466
50 1278
274 528
1984 538
606 136
1538 1722
1964 326
44 1218
1646 1822
594 582
172 1544
330 146
864 502
1760 472
1170 1602
814 828
68 864
1360 892
1392 48
207 619
1355 1372
452 1145
1426 609
1814 1805
20 643
1236 10
1671 61
774 70
51 1662
1298 16
1379 1077
285 1308
740 1605
1722 316
341 1577
190 48
204 994
1897 334
1603 1711
1195 526
1410 431
536 1984
1196 1662
758 1599
28 408
518 310
740 1507
1618 1832
760 1692
148 1805
1973 690
1812 529
235 61
1567 190
1027 1114
716 789
249 507
1477 348
521 1883
299 1100
1546 817
114 638
676 84
470 1436
480 1322
848 805
915 1012
589 1854
1073 508
748 452
525 719
1792 1126
1578 1621
178 99
1111 1380
255 1009
549 721
1647 1776
1509 821
268 341
495 1468
49 114
480 990
320 456
1850 1619
908 1079
690 1756
1460 268
632 1990
719 1743
1370 1877
752 470
598 751
598 1010
276 1218
1703 1123
1941 1752
1788 69
742 460
1229 199
783 1392
1278 1825
1852 1442
445 132
1983 419
227 1705
1000 35
527 1950
1490 1829
1664 118
654 270
1792 595
726 1932
1016 1075
1096 1500
1274 782
1244 1256
1311 744
897 307
835 1232
1782 1062
1289 430
352 1071
1084 1490
1604 355
863 258
1329 655
501 407
1643 772
1482 739
624 1108
1873 1868
1267 439
1316 868
1098 503
452 880
468 445
14 1172
1516 1450
1366 727
509 229
633 1838
1940 1093
1500 1583
217 630
1929 1193
993 506
1765 260
593 1433
1480 395
1191 1932
331 11
729 345
1887 1500
1754 1957
579 1911
1089 1916
1004 1733
1361 856
219 1578
190 500
771 1535
654 888
499 502
1576 1627
1953 415
263 835
1130 247
1532 1017
803 1286
1326 1382
1156 415
1298 512
1051 1914
1368 1622
1844 1206
122 1518
1996 1480
758 143
334 686
1729 1542
1805 344
729 1287
943 965
656 98
1858 885
184 662
4 385
1526 1407
651 1246
1733 847
1156 207
717 800
590 1434
550 1628
120 279
1522 1532
975 251
467 1525
119 378
1623 329
1263 1062
1695 1619
1799 1221
281 1154
467 366
353 1975
1476 325
30 770
463 1284
750 935
1915 823
467 1242
1426 189
767 601
919 1645
930 534
1059 977
857 1562
550 1490
1068 73
759 1773
1303 235
802 1685
1357 913
617 107
1455 884
1282 1922
126 1963
463 148
916 1734
849 1805
972 1908
1134 1436
1822 939
926 1242
1012 37
1015 667
976 1424
352 333
689 1321
47 144
909 1329
1673 1938
1996 488
1142 519
1477 1991
324 1505
251 1810
941 425
749 770
19 1016
1511 1386
35 1390
810 1642
75 754
1315 122
1954 1479
706 1627
121 1758
1370 911
277 847
902 953
352 1505
18 196
634 1119
1670 301
487 1533
391 1777
923 808
123 253
1914 1438
727 1868
1269 489
750 1742
798 120
1357 1427
1319 611
1987 23
820 357
923 1806
1476 1649
811 1218
1733 1753
1699 1008
1265 174
1613 1883
1964 1595
103 488
84 853
582 1234
1325 1194
268 996
157 255
274 232
612 253
742 792
805 456
362 890
561 61
602 1826
939 1470
61 1806
1417 164
998 1853
624 1932
342 1949
1478 1314
200 890
1921 1530
1826 885
135 920
381 940
1728 1294
1830 289
411 1335
819 253
805 1232
59 926
651 1409
1483 1979
1341 177
280 74
1843 832
1668 116
714 1846
1705 104
1118 637
1396 101
283 833
390 1398
168 816
1299 29
48 62
1307 1051
1471 438
1382 67
1518 917
493 65
453 865
1436 422
1767 789
878 1589
130 626
1690 765
1459 1335
1066 1979
855 1069
712 1255
386 1667
1561 209
1360 1647
276 1582
564 1473
1999 1920
690 1083
694 1161
1127 1924
1301 1609
1254 1343
1981 1968
1382 1751
299 1885
1172 1914
395 1206
285 308
670 1997
1955 946
1931 1422
26 1185
398 1772
620 1796
1484 803
424 1137
1667 1678
1184 1296
1998 1469
1047 1552
1706 571
170 453
1032 807
761 1702
59 323
1000 694
449 82
1527 847
405 1754
291 241
557 1067
1378 1872
745 914
1872 350
31 1975
254 992
1097 1480
1445 833
287 1813
535 1402
136 591
999 585
1224 526
1784 333
632 427
574 444
198 304
668 1647
1570 1795
349 856
474 603
904 1923
787 701
1460 1977
514 347
1379 1354
193 378
291 1769
511 427
102 1847
1558 1028
643 1756
1684 566
306 1606
1417 1359
1166 1891
865 422
717 4
378 177
685 1596
131 967
1853 1972
49 144
445 1264
178 547
14 440
1927 657
1451 315
1927 109
273 992
1468 694
1786 685
1468 1207
1944 1846
1736 981
345 1867
1948 902
543 900
1398 988
516 1576
1887 530
919 1814
442 722
481 721
1535 9
264 1355
1759 754
1295 1579
313 1591
680 49
572 81
1171 127
983 66
1731 733
1605 247
1212 1844
384 835
1265 826
1909 98
1899 1444
459 515
799 570
1621 798
800 592
1816 448
1632 896
824 88
1336 1344
1352 720
1432 1520
1464 520
776 808
992 864
1624 72
1024 456
360 1984
560 1880
544 1760
1432 48
1056 504
1200 1392
1400 728
1480 736
776 88
160 1464
1608 1624
1984 384
1688 1528
1952 16
304 232
1176 1920
920 288
1800 1464
752 1232
1472 1808
1736 672
456 1136
656 1936
576 136
728 736
1600 888
1616 840
1976 1304
1072 1184
1320 1376
1416 1752
0 1040
40 1800
1208 792
288 680
1304 728
608 1760
1120 1968
952 400
104 1680
392 256
1272 712
1800 1800
16 872
1688 40
952 1808
1792 1504
848 536
8 56
1328 1000
1288 1888
984 1896
1648 808
1864 600
1208 672
1536 304
1632 808
1016 1432
1312 1736
304 1000
1032 512
1512 1528
720 360
616 728
968 648
984 960
536 672
1560 1440
1480 128
744 1392
800 984
952 984
1048 1968
416 360
960 1976
1320 696
1192 832
224 1912
1744 1544
640 1416
744 328
376 1984
1000 1936
1424 1184
768 1424
1128 1568
408 80
552 160
752 928
1776 416
1608 1096
1112 800
1928 592
712 1672
136 56
1792 1584
1640 872
824 640
808 952
1080 280
1080 208
400 744
992 1656
904 1744
584 680
1416 896
480 528
1696 960
1824 408
1336 1216
1720 384
1504 1360
1256 1032
704 1320
536 1784
1600 1616
1992 704
1064 1688
1616 1224
688 904
1904 104
352 1640
1336 48
1304 416
1712 640
1632 1432
1728 1840
1496 1536
1424 200
1560 664
536 1864
984 1232
1824 600
176 1440
528 864
344 1136
968 1400
776 304
704 80
720 1120
1976 1056
552 408
152 48
648 1576
248 208
944 1488
1328 1928
1976 1152
1232 152
592 1760
1720 1640
152 688
296 928
1696 1000
264 1672
120 944
728 1376
56 1584
128 1256
1160 1080
168 808
1824 1496
1992 504
1352 1224
656 648
944 376
1544 1096
1768 1840
728 1464
1544 1696
1136 1664
640 1120
1744 1952
704 1872
1208 1824
952 80
632 1480
832 624
1984 184
1104 1344
1384 752
424 928
1848 192
1472 576
912 1016
1528 752
1384 872
576 1128
824 536
1000 736
360 656
1368 992
1392 200
872 1376
384 680
1976 472
1432 400
104 1984
1848 1576
1264 1464
1296 792
216 680
216 1344
1808 1744
1880 1512
1032 944
1424 1104
640 1520
1304 1512
1600 392
896 1576
120 1032
1232 224
1016 1784
1760 832
1248 1056
328 1464
288 544
1512 800
1544 96
1568 576
1040 1696
384 936
1216 1688
448 816
784 600
1648 904
1632 1584
1088 1904
1368 848
1440 1320
1904 1768
784 896
1568 1552
952 1816
352 520
1096 648
216 1480
1584 136
1872 736
952 656
40 1304
816 928
888 1904
1536 256
1456 1680
1576 1360
152 1616
1512 424
1872 1168
240 928
392 1336
1576 1312
816 1864
1448 1392
1856 1104
600 600
960 120
1528 1848
728 1768
1360 184
1448 1640
248 856
1960 464
1280 536
1632 776
16 24
112 296
1336 184
1416 784
1576 1976
440 880
576 104
1704 64
656 1136
1832 16
1320 536
912 824
96 872
1288 1376
1960 1472
152 680
200 1520
1680 88
408 1096
1576 688
1776 720
824 1608
824 1232
1672 736
920 208
752 944
744 368
1768 840
1792 312
1472 456
488 328
1840 688
1848 1520
1480 960
1872 312
200 352
1032 1728
1960 1816
960 336
552 584
1800 8
80 544
928 552
1344 1424
864 816
584 1352
1144 1128
1296 248
648 1480
1208 1224
1792 112
832 80
544 1496
600 56
1088 1152
1344 888
1864 1424
136 792
1232 1480
920 96
1000 208
704 1400
1336 704
352 1240
184 264
1168 1232
1632 0
16 176
752 616
936 1840
1768 832
728 1632
960 864
384 192
1600 1304
1544 600
768 248
704 104
1656 1056
48 1840
1872 1768
1072 1504
472 1088
384 1224
408 1872
1768 176
704 496
1064 368
1320 152
1112 920
1456 656
224 928
1608 1480
288 1264
1240 336
1808 1112
808 136
1320 1832
1928 960
1760 1592
832 80
1768 240
1280 1536
608 600
1688 424
224 1104
1784 1000
32 1392
1184 320
1360 424
1912 424
1496 1424
1264 816
1960 1192
480 976
784 1312
1760 1808
256 1040
48 120
896 1696
544 1824
800 880
1528 832
976 712
408 1592
392 1024
16 592
1152 1280
112 368
1176 1144
1344 1216
1160 1104
1728 1968
848 480
792 448
176 1336
824 976
920 352
1064 1152
320 176
744 1416
1904 1464
8 1056
744 120
1424 624
1968 768
1840 1680
576 272
352 1976
1304 1144
424 1480
1184 1952
1712 656
1560 776
1808 1880
1656 1256
0 1560
720 712
1320 168
832 0
792 56
1472 1888
440 600
160 792
1280 168
640 408
904 1824
1616 616
1184 1176
96 1696
1760 456
952 464
16 1672
1176 1336
544 712
1336 1888
768 1998
20 325
1463 18
654 1279
1570 1256
1390 523
1653 618
682 759
417 468
1902 1889
1043 1483
1319 1899
1199 1540
1624 1393
1228 1584
549 1796
1934 569
1378 1397
1492 1088
1732 1414
897 1122
1937 902
1349 1323
365 118
143 619
560 1890
1359 231
1437 910
1028 1765
303 256
1701 1757
404 339
678 486
88 874
479 1820
992 1376
551 1633
630 1548
1308 51
1666 1451
1223 930
1341 934
66 1130
548 1798
1800 1203
406 205
1312 1514
1449 1247
905 1889
473 1384
262 722
1112 1165
3 446
1417 216
497 1435
371 776
1622 617
1710 40
451 610
542 251
718 948
65 30
462 1162
1981 71
1051 1711
1807 17
81 1623
1534 436
421 1303
1356 527
1995 632
1303 1969
1249 1918
713 52
880 1255
1560 1598
555 1977
1589 1369
1843 1218
697 1598
1281 152
520 66
1032 758
111 1453
966 1467
1980 1665
451 892
1634 404
1162 347
1713 746
1954 1625
1601 509
1954 838
582 501
760 927
1747 1298
1040 971
1716 424
634 531
1877 1952
903 1466
1617 58
710 1603
1367 1872
654 1432
970 256
1409 571
1469 67
113 403
568 482
235 667
132 1275
1247 552
1699 1529
1988 632
185 891
450 1802
1301 1512
109 1020
1384 411
452 1611
1371 565
534 1192
984 1552
1947 1904
386 182
1828 518
513 1075
1774 564
1308 1762
453 197
1005 551
351 1211
1320 812
231 1056
1927 292
1723 1650
505 810
1546 42
1418 1493
298 1804
580 830
1026 1797
257 1152
1618 1917
1819 1719
466 1528
1326 817
1091 646
333 931
1311 1908
871 1034
262 80
196 1456
474 318
206 29
474 1138
1211 204
1639 725
261 905
994 784
976 717
664 855
1886 1012
557 1124
1943 1868
1736 1518
1807 903
1246 707
1063 977
1930 1621
62 756
759 1625
1865 1303
1054 126
912 1657
1614 1145
374 278
352 612
1290 909
440 1585
1682 1081
751 193
688 1254
1252 1399
1287 1534
277 1701
843 1388
1326 1412
1395 1989
242 1564
1646 1856
357 372
1782 1413
984 329
674 681
266 1060
114 1570
1605 1154
1880 114
553 1167
0 1182
1220 1547
1827 1250
607 1926
1239 1553
1138 1237
1057 551
1609 800
316 1850
1481 247
883 1395
11 1349
1669 873
503 1901
1339 112
1420 1339
1847 1344
143 730
1499 1102
304 738
1912 1051
880 1321
1602 489
473 471
691 306
1422 1926
958 1785
331 979
1010 834
137 349
1851 1909
1297 402
510 1088
1484 9
894 492
1099 806
1191 683
1736 50
77 561
873 1824
1420 647
655 730
1136 986
413 1051
1781 902
1400 1984
68 1401
1090 226
1193 926
939 1344
1066 390
502 1514
1978 590
268 759
1704 1493
231 180
844 1590
910 1628
1833 1675
679 1966
1482 1688
654 1198
1441 1392
128 1539
670 1419
883 440
161 1737
1954 843
1232 574
1250 1640
67 738
1820 1263
1032 1082
148 1217
757 1179
1535 943
1571 541
493 269
285 1325
1456 1659
1096 691
652 514
428 1310
1709 12
1141 216
1652 264
1658 1824
80 1042
1258 1284
1868 1976
1167 107
567 1643
1905 317
1560 542
1994 1720
1458 699
1115 814
1565 1895
476 1978
1164 1617
898 1168
786 908
601 1570
1207 563
854 1075
891 373
1534 363
368 1791
1032 1928
1590 1378
352 1048
77 1819
214 1994
267 690
1229 1783
1564 1775
1655 1054
1940 608
976 1499
428 182
574 1671
907 1164
34 1828
212 1770
460 154
405 1717
1202 834
1888 1416
1381 859
810 962
994 726
1441 258
1428 1381
866 756
1232 1646
1642 510
574 1454
579 1312
1986 439
1987 446
593 40
1219 851
874 364
267 959
871 1429
273 1122
1060 971
1380 840
704 950
1205 1193
1853 1199
1351 779
653 634
91 639
1777 430
694 722
1174 1913
1573 1305
277 896
616 757
878 146
583 290
1469 667
186 877
1969 1391
70 174
1847 326
1657 1204
1312 653
1100 1642
1083 146
1068 1514
763 1546
467 1945
442 1435
1406 376
1933 1989
1370 106
1008 109
1888 1329
556 1606
760 403
636 417
1216 1205
1422 1020
1199 1762
1870 619
1628 281
869 1151
930 568
938 688
944 128
1029 1219
586 37
1680 474
271 236
1337 1031
600 677
1800 1464
234 479
836 137
593 1058
13 573
43 530
76 1878
1802 1014
566 1651
1846 500
870 985
889 1254
1811 1160
194 1852
191 442
138 1248
610 1076
79 150
118 1024
1208 1779
301 156
1013 25
34 72
1743 1656
1723 494
156 1297
1831 302
903 346
1462 1097
1455 1262
444 1945
862 1758
1021 1645
813 1491
669 373
1974 1322
1233 244
1347 1971
1964 1442
532 39
1936 1392
40 471
46 591
1722 765
392 1177
731 1188
1474 1593
555 1551
1590 1368
1595 611
445 1569
285 935
165 1984
1258 129
130 494
872 670
1222 1008
1172 1698
1270 360
500 1520
578 1506
1704 550
1420 534
1910 1352
710 916
1814 1986
1966 1960
1784 282
936 1596
868 1302
1250 1662
676 472
670 552
874 494
170 632
718 748
138 1126
556 1520
918 1170
1576 1628
86 648
318 756
608 806
1038 802
1660 1164
808 1614
826 1484
86 1496
36 960
694 206
296 1412
212 1692
1796 1472
1212 714
642 788
1046 1432
1436 1918
188 1302
1428 1780
104 1088
1648 912
702 474
1100 1492
674 1136
1710 626
600 6
742 1516
402 538
988 1614
1956 1630
1660 1556
1766 1800
178 1954
1102 1606
438 1910
1952 86
1526 654
1264 626
1404 1196
1020 1114
1822 324
1824 564
544 1484
360 1532
1802 316
1866 166
576 1632
520 1458
290 326
322 1282
1494 274
72 1724
1632 1890
1608 1036
1790 1332
854 316
360 1936
880 904
1420 1944
1140 1926
1518 1710
646 798
46 1870
1514 336
900 1836
322 1098
110 948
80 446
1542 1688
740 1332
1020 1594
1648 84
234 1232
988 358
434 128
838 656
1838 188
158 588
58 1672
924 1662
212 504
1314 1026
1452 1394
26 1698
1786 766
1734 1510
1064 1382
1594 556
1318 582
1618 456
1414 1160
1816 1956
1348 528
544 110
904 172
326 374
676 344
1400 832
442 1426
530 228
896 264
1738 1922
350 36
478 926
618 800
86 736
514 456
692 566
1688 1236
1934 1296
112 964
1670 46
1308 328
878 454
458 666
682 612
930 1124
534 538
1160 1716
168 482
516 254
1218 1734
1414 1910
1558 1806
1850 1492
360 666
1160 30
712 468
1062 144
1626 74
810 308
1390 444
136 628
1686 0
344 558
482 1564
70 404
556 188
1018 818
548 1572
310 1612
238 174
346 1504
1346 1962
352 972
740 1866
1280 834
1014 120
1462 1958
120 510
516 1306
74 1290
1710 1334
32 1432
152 1284
1004 1166
896 1242
1340 1946
1450 686
1908 1802
1658 1352
372 1642
186 1940
466 352
602 586
862 1118
596 194
1666 1010
1528 402
442 938
1686 1446
104 1286
1946 702
1232 100
1388 1102
1160 304
454 1532
650 1898
176 1670
954 1482
960 370
1858 814
564 1524
528 796
1926 1524
1734 316
1674 1096
306 324
1798 242
1682 1890
1344 842
898 1056
1078 102
1658 512
476 612
1994 140
1686 556
1658 954
80 740
304 710
968 742
1730 1346
1838 36
928 340
1536 610
1488 880
156 386
1936 1234
1192 298
450 372
1464 1702
1770 1854
258 1428
1362 1596
872 370
1010 1840
1112 1998
444 208
738 76
548 274
1390 740
412 1546
1680 1052
1484 1576
1904 1192
1206 72
894 976
630 1856
404 1992
1452 534
362 1720
1078 732
1718 1522
1644 1160
302 192
1988 1692
190 1104
1942 574
156 684
150 764
1876 1356
1540 1474
1036 1428
1330 698
1420 40
1232 1040
464 1014
476 886
1794 120
46 96
312 34
1046 1206
1842 988
1780 1256
1672 1188
724 252
1248 1522
1726 1542
950 314
240 370
354 176
114 818
1190 590
1704 1688
710 1750
1042 280
1746 88
1486 1588
1780 524
844 710
416 826
962 368
348 1242
614 1298
1556 854
372 614
1734 1744
136 182
334 544
1870 1598
998 1616
582 744
1704 772
886 742
0 434
1452 1120
1964 414
42 312
1656 656
314 1916
1472 1240
530 1206
984 666
92 22
1914 1924
324 1466
1540 906
210 502
936 1800
1244 936
1492 696
610 1456
1110 1356
1026 24
716 1340
1940 188
1284 1728
652 972
1098 1448
252 1566
1372 576
1736 1466
36 650
672 1676
1708 1916
612 1200
612 1926
1360 1722
1282 1090
1746 1256
1688 944
148 972
672 800
1202 474
1506 1454
744 1582
30 480
1752 770
388 424
446 96
340 316
0 952
242 1360
1932 782
1708 1678
38 1396
622 890
1072 1998
948 274
1026 1158
432 474
740 1720
212 1750
1194 600
174 898
696 1772
1214 696
724 160
760 656
1646 468
1592 388
1864 918
1832 194
174 780
1172 1200
1938 158
1674 1382
582 1886
1132 1776
1190 564
1378 1886
336 1296
1286 1764
714 600
1678 360
1772 1270
1302 894
892 1134
1792 1066
618 964
970 1260
1826 1902
642 408
492 1032
146 940
1596 1524
826 1932
1374 1370
1696 792
674 78
1152 446
52 454
44 1498
292 1836
1268 1614
58 792
874 1884
1398 774
254 594
510 400
1534 106
1924 1618
742 2
988 1142
794 1662
1774 1204
108 1826
1658 1410
28 1208
1950 1850
822 8
1346 954
1150 744
432 1404
1338 942
1804 130
1752 432
1748 494
1692 736
1636 1190
1102 114
394 1210
494 1310
1324 522
518 1828
1076 44
540 422
1702 1690
1870 838
1798 466
484 306
1300 236
1292 1048
1434 1688
488 328
878 1590
579 255
168 1604
1576 1101
986 1277
1235 184
1919 949
1232 1527
603 1777
1868 424
776 1477
754 302
111 1548
18 1757
1160 830
1649 521
499 580
776 278
739 704
1379 429
333 966
965 1511
267 197
1390 1574
1585 1610
905 361
1791 363
1922 1513
1559 1588
1622 1423
29 1271
1592 880
203 1979
1158 1646
683 889
427 627
207 299
490 1733
1200 584
1659 433
546 1268
53 1948
1279 327
1109 1542
267 1435
1317 296
1058 168
83 1965
147 297
518 1182
1741 1297
161 300
300 651
33 407
1587 951
1544 1040
571 1949
988 1109
276 801
1003 1802
236 875
450 1294
1395 1237
1611 1542
89 129
1076 182
1037 496
482 1337
1499 1774
96 1993
1781 899
1737 352
1200 1429
1813 31
1878 1371
1833 818
598 987
464 1993
779 779
1887 1220
1815 1315
106 1556
163 1292
1245 921
1418 952
1266 1199
203 1003
458 1403
1136 271
138 1366
698 323
888 1296
1865 1704
345 996
835 232
568 1354
1158 1378
1262 25
318 1414
594 995
366 564
546 921
1919 1708
324 1407
1590 1721
1477 288
748 13
1195 965
421 1540
313 1811
679 1585
1517 189
1315 1686
214 892
1452 419
239 874
1335 1489
1795 513
808 823
624 398
896 656
1038 551
1373 233
1868 701
680 1440
1216 1711
1377 1085
604 1951
1475 1522
1547 1279
293 1786
857 887
331 652
1752 787
1086 1080
241 1982
88 538
885 16
1123 12
1069 155
1804 637
570 1885
1722 1878
540 808
1011 87
87 8
929 203
1247 167
1559 1703
1658 645
1338 806
238 1778
1344 1827
146 819
191 1215
233 699
1852 1155
1843 833
292 383
1993 1303
81 784
1663 1362
987 1465
1177 1453
1168 94
450 858
900 688
1895 596
1422 41
1767 1613
515 352
1571 367
766 1766
256 114
149 249
1417 582
292 1080
851 1631
1601 732
1436 28
1178 1145
1238 782
889 1133
1730 663
785 1108
1183 1300
164 1458
19 1282
872 1182
1396 77
135 1517
1918 779
208 1121
21 1809
557 1457
189 994
1658 686
128 1454
171 1469
1765 956
577 1652
608 1093
1462 1534
1634 334
1420 1734
1670 1555
862 1940
1945 718
1061 1966
879 322
1775 1623
1668 340
661 1055
1794 1536
172 263
1399 1453
1526 7
898 988
245 532
581 369
1877 251
831 739
895 1480
1809 308
1094 1392
630 1573
1367 1909
617 732
612 763
1175 1488
1933 574
1293 1459
933 191
799 437
1982 84
1158 211
687 341
1302 1934
173 1815
242 1971
1207 483
451 1833
392 716
917 1708
1090 92
1900 1727
666 1193
1538 1210
1736 1041
351 70
32 1861
985 719
1813 991
1912 1986
1158 506
864 1272
1693 1667
161 789
1439 1078
849 529
77 749
608 1095
294 146
305 1641
94 1008
415 126
128 659
1901 1941
2 165
983 67
1930 551
43 1975
570 204
1671 564
1634 520
1797 1711
880 1312
65 1526
1810 1074
1167 1904
1341 841
1086 1821
1852 1542
114 1502
1707 1449
273 1637
907 668
871 1477
1928 894
745 117
118 1449
180 998
1465 597
135 923
930 6
790 623
1199 1524
796 1051
1770 1262
164 32
1415 437
725 322
716 1948
1058 644
842 155
1113 1867
308 1256
1217 125
1853 56
659 1135
617 1097
110 168
1325 906
126 354
872 290
738 1194
1079 1815
1516 499
318 926
1698 1512
340 1515
83 1704
1123 559
736 235
615 1395
1722 1584
1196 1091
659 1225
701 785
1931 480
1075 669
1674 858
1391 1542
264 413
1727 314
629 771
181 915
475 563
1474 1915
1150 441
1662 1576
932 1562
1019 1591
1694 627
1432 1625
1107 1211
1905 1133
421 1296
675 1037
61 402
1351 1042
1525 1495
309 1259
58 487
822 1560
539 95
1488 1823
1657 1062
1766 1703
393 1198
939 1852
761 844
985 1182
492 12
774 1609
1673 1181
299 1198
676 1867
809 1086
706 1242
646 1245
1337 1745
1420 1346
1511 1890
1012 1904
1440 1951
1756 201
1147 1093
642 695
1105 1768
1952 426
949 955
1235 532
1526 396
1970 1491
1638 227
1088 1327
1972 1767
284 1483
9 1296
1739 4
1599 1847
557 1802
940 1903
145 397
23 801
82 1879
1756 1317
763 893
65 1437
384 1314
1664 1824
641 1988
1943 1629
1823 1211
1277 1562
1567 1932
113 828
1734 1405
1638 1879
357 13
1032 791
244 751
1164 1711
1644 1229
55 380
543 71
908 795
614 110
776 437
1673 960
1258 1592
892 1723
1476 1533
35 1818
468 1096
738 759
239 1686
1158 1403
656 1154
1688 711
1534 1490
782 794
637 1748
1256 1413
1444 1281
725 1054
1225 876
1129 1960
1465 1868
1426 1933
964 868
692 1907
1813 202
1662 117
60 609
1180 1946
451 314
1647 1088
1321 1607
853 1117
1795 837
171 1020
65 1136
336 1944
1500 516
268 812
692 1496
52 1928
1568 140
1612 828
1904 1388
244 1276
240 1296
1132 420
424 1212
648 164
1152 36
1204 1204
1876 800
1852 1376
1316 120
1448 712
320 204
1196 1148
1048 808
1976 1508
1456 220
1488 400
776 1880
820 1904
1092 1468
68 948
208 1976
152 84
776 708
720 92
1532 872
64 1112
1076 1260
260 124
772 236
336 228
1160 1084
1332 1936
964 152
544 760
324 1316
1708 532
1848 564
1876 624
1272 596
1976 1508
172 40
620 1952
4 880
780 776
1820 376
264 1536
1460 1596
176 1128
1008 1276
592 1332
592 300
1124 1144
1568 1000
1028 840
300 1004
1052 472
1748 228
424 456
1812 1204
1936 188
284 904
428 448
1760 604
1576 768
584 168
804 436
1172 1928
284 740
1632 1312
284 1932
316 596
1108 768
824 1532
1224 1340
700 420
232 984
1324 660
1988 1084
524 268
556 1812
1696 620
952 1572
1252 1792
1572 1440
1104 560
76 680
1156 1740
152 1980
1976 636
580 676
1760 812
216 1084
732 908
1428 1256
1880 688
1772 280
12 1280
408 1820
1776 684
1964 880
1244 40
264 956
484 1676
1640 1016
1016 924
396 776
292 1316
564 1728
928 696
984 1364
644 1460
1644 656
740 756
1180 516
1440 1848
656 1944
1148 1624
1604 1632
1300 1948
1352 316
132 1008
1796 1128
324 916
856 512
316 544
1876 960
4 224
876 4
240 760
1224 384
1164 1880
328 1016
764 636
1352 64
1844 1964
1640 1976
972 140
1104 0
1760 1960
1216 632
1208 1092
1592 1212
576 1172
1216 816
488 1700
1200 356
1580 1492
1372 1048
128 1428
372 676
1392 716
652 1068
856 460
328 1172
1124 1544
508 332
1896 804
804 1176
532 20
696 1724
424 600
784 1264
92 860
312 776
288 684
156 236
104 68
8 1516
528 1040
1392 912
1844 1900
1244 1740
704 48
1620 1940
1328 316
368 1752
916 1152
1720 1564
12 1292
1044 1560
1976 1200
500 1340
1268 508
1560 1056
104 952
1968 652
1556 1916
392 260
1224 716
1460 1256
1032 532
1712 1948
944 692
216 956
1984 1964
516 664
424 1016
4 396
784 1564
156 1592
1220 828
244 776
1300 1340
296 1228
760 460
484 1792
992 900
444 1936
1592 1920
152 1576
588 1372
796 1012
352 1504
668 1136
328 824
1432 1548
912 380
880 212
424 1176
144 1184
340 1332
976 1332
232 124
528 380
748 1384
660 1892
1460 1456
1608 1812
220 980
1652 548
1064 1788
96 1976
872 1680
892 1296
856 1036
480 1900
368 160
492 600
1544 1724
1684 996
1108 1604
888 1272
1060 1756
1048 1984
1440 1404
532 504
452 1888
1184 1324
1568 76
1880 1684
1816 1064
288 888
484 780
748 732
504 1136
1728 316
740 1876
848 1060
336 1896
1044 1776
1300 836
1540 1752
1428 724
336 996
60 216
1384 580
1280 932
24 1764
1712 1476
1200 772
612 1484
1792 1908
64 640
968 1104
1240 716
1584 1096
256 1828
1552 1684
1812 1888
1940 576
808 28
1156 644
960 1884
1112 1932
1360 1572
1408 528
1760 1200
1140 528
1100 812
1632 340
1528 1216
140 340
304 952
728 116
1544 1372
692 908
1956 1848
256 1620
992 72
1552 352
1644 1664
880 1404
124 724
1932 1224
1536 268
268 1620
744 1668
664 1048
620 96
1164 164
24 560
1776 684
408 32
304 1400
660 1116
1012 1008
1484 596
1672 1608
1876 308
1536 1412
1132 1064
1736 1876
732 1104
1628 56
460 792
924 484
1352 1256
1168 464
1288 176
1124 652
1996 840
216 740
1436 1888
348 16
196 1144
688 32
208 1128
612 940
1492 240
996 1952
1736 1920
1140 1792
1880 308
1516 428
1188 1344
1080 444
888 0
1184 1028
592 236
304 752
1380 1696
784 1588
824 656
1232 1020
1600 932
972 596
112 816
1092 1992
1828 1312
1124 276
656 1464
720 1544
168 608
1832 20
844 136
772 1484
1832 260
1776 1360
916 1564
936 1776
496 612
1076 1312
688 168
564 516
36 392
792 1396
1856 1512
200 1284
824 736
8 928
872 780
412 704
1744 188
768 1920
456 408
1696 212
280 1476
1524 968
1644 792
1484 384
1740 1536
1040 300
1752 1944
288 1836
680 296
764 1552
1780 1176
960 784
68 1728
704 1080
1396 1104
1292 1676
580 1520
1348 928
1572 1536
572 16
1072 1612
1020 84
1556 568
1920 236
1568 1388
492 608
564 1452
1392 632
1884 800
416 1984
1904 412
1660 1188
1192 1008
116 1468
1804 688
1484 1580
1004 504
1664 560
1776 288
1500 1900
1676 1992
508 944
148 604
836 1996
1404 1956
1980 1308
924 900
1200 820
612 1316
288 416
1968 1772
552 972
980 920
792 16
468 996
620 216
1450 66
417 137
1255 1148
790 1788
1151 284
413 1004
847 1497
387 1942
556 555
1843 960
364 1209
1230 1964
1895 684
280 190
691 381
1667 141
447 436
1539 54
288 329
1842 1439
965 959
1352 516
1160 91
1367 68
1555 1914
289 271
179 1519
939 1722
907 867
1877 1950
1248 1896
1352 47
1036 1243
101 1676
1924 295
1467 150
1958 1523
1018 766
523 1089
95 782
1003 736
1405 1534
255 901
517 218
472 746
520 1333
290 224
84 1678
1467 1094
58 300
445 1877
802 960
661 1820
78 1536
1466 525
670 821
1261 75
1968 572
1680 837
438 1413
1583 219
1098 225
1147 1534
607 1523
980 313
1823 686
894 625
1998 1203
797 76
1091 967
1862 1761
1401 1827
1097 1017
1308 1833
1854 450
1598 141
669 1400
718 1077
1491 1677
248 1175
342 775
1861 1588
456 1859
52 1253
1548 1847
1833 1762
517 882
1941 670
603 1249
503 1161
256 658
1654 1629
410 372
1058 253
401 1306
689 743
1137 902
1035 1593
1670 1439
459 1570
547 1940
1332 1416
1526 1273
86 481
1783 589
1994 743
303 352
724 1974
1076 339
579 1477
349 1268
572 747
1079 1607
1988 1101
307 799
671 502
1443 355
622 1321
332 1060
506 467
353 500
1562 1565
1204 1547
1891 632
590 470
461 1291
647 1033
390 78
253 1991
1179 560
790 202
1414 1142
1261 36
463 1945
1800 230
1321 505
1082 1587
422 1899
1134 313
531 76
1692 1549
276 1043
934 1370
1121 1187
1009 1356
99 1060
1910 217
906 819
605 1721
1116 757
1951 1141
523 646
1285 945
545 1475
871 1428
812 563
1329 1792
1958 1876
810 1431
1767 1080
1491 1127
492 1401
1696 1750
572 1562
1471 392
1023 331
794 1898
1329 431
1752 226
1906 623
1654 718
1538 1892
862 200
1768 581
335 1887
13 178
1014 1209
1931 1619
959 1207
1885 782
1599 908
1817 745
1715 1498
1176 171
1724 343
794 639
1413 1036
883 1184
1588 1355
469 627
1242 1186
1157 1869
747 1088
192 58
1943 429
1544 246
1689 974
1900 1404
1176 1076
1575 161
123 1425
1152 445
813 35
1629 1105
1742 802
84 1336
1636 1241
1557 1087
1977 101
1145 624
530 1393
1779 1128
719 383
1236 452
1459 1720
965 491
1145 469
1640 1219
504 1269
324 598
423 1317
638 763
558 1456
1850 1444
1557 1699
772 996
1444 903
828 720
1286 64
228 358
488 1193
1553 542
14 1193
465 870
814 1141
172 1941
458 458
704 1925
618 906
73 1084
605 1197
432 1697
1361 1964
1121 1351
380 1701
1709 1777
1246 1614
1023 1260
1159 1136
834 677
277 1006
970 1996
1077 26
273 1343
932 346
1131 1889
1895 1563
847 1256
1879 320
1516 816
930 281
1297 176
1156 1968
1993 667
1808 1179
605 85
1094 1927
433 171
1566 706
218 498
1404 258
1296 1856
173 495
1464 1313
463 1684
833 97
522 1778
830 30
450 1879
1049 258
1058 710
343 504
1898 389
1379 1464
1095 1210
314 1408
1468 314
1968 345
1161 136
1658 885
729 843
982 307
621 164
689 1423
43 442
1681 10
1709 1637
1218 311
26 210
127 1473
1420 441
1233 1240
368 1905
1585 1529
950 856
414 383
51 1009
1042 1581
1173 1731
1708 125
173 298
1191 586
639 761
1249 1017
1675 1376
842 1447
1430 1336
687 1798
1593 1885
975 1247
741 1002
1982 792
11 1024
1077 1536
755 1694
365 1837
696 1556
1127 1335
1930 1285
704 1605
661 1898
1961 1739
1938 648
1537 440
1237 477
39 330
1479 1282
383 1842
1954 516
1378 1618
210 1004
159 1610
912 1638
1 1194
923 1057
1356 493
568 1317
936 154
1021 1734
1298 1167
563 598
1497 394
232 584
236 186
1305 670
508 571
26 1371
1090 551
270 1443
1745 1193
1409 1805
742 681
1474 235
1539 1404
321 98
571 1588
696 772
334 928
265 922
170 1922
1592 1939
1197 879
1662 991
1430 1932
1343 1879
738 1456
593 1480
137 1123
67 1676
1231 1092
126 154
680 1174
187 1366
454 100
288 1885
726 1845
1824 275
724 1134
175 858
327 1518
1089 1417
1678 386
545 167
418 1873
195 1649
965 1582
712 1258
756 899
624 471
1351 173
708 429
18 884
704 1094
18 879
1008 697
1453 97
114 1131
1392 272
1650 1810
145 1106
1811 1462
1392 523
720 500
1774 957
1323 1829
1482 735
962 1852
1619 575
1650 898
158 306
1595 520
1107 1322
3 851
1594 914
661 91
724 85
1553 468
608 1886
968 1643
843 1200
1824 325
1935 1695
529 463
974 883
1713 1484
1541 1660
4 1352
982 1972
1112 928
886 125
1019 1962
210 185
430 783
71 1750
778 1266
1654 602
1943 1202
649 1176
369 1623
411 786
368 1376
1012 1736
432 6
1632 1040
1798 180
652 198
944 1000
252 1780
1538 582
1798 910
1794 1274
1288 604
1174 590
220 140
1878 542
408 470
1918 1978
206 1054
688 1804
1356 1190
1984 8
1388 1486
1712 1640
1970 1808
926 1768
1422 1424
1600 710
732 774
562 1656
880 1144
198 1288
1614 820
1970 524
1136 658
328 492
1110 1574
1204 1202
1060 916
104 1734
1428 1734
60 112
420 364
1526 1152
1842 792
70 722
640 268
1272 254
350 1242
40 190
1162 1072
682 976
646 590
178 410
210 282
1406 900
1278 1466
1716 1698
534 1946
850 376
1296 1624
360 1936
1154 336
1452 208
1578 196
398 1444
1972 1080
420 1880
374 1860
994 584
142 400
1484 1420
570 1904
1822 1104
408 1934
1446 408
1558 1806
1048 712
846 500
1624 424
1400 22
1130 634
1102 254
514 180
114 212
1322 1518
1874 1510
1642 444
676 726
810 1084
660 960
196 922
1470 1244
896 316
1006 520
1444 1110
1804 574
1744 1610
90 962
348 908
436 374
426 310
588 1330
1458 1264
56 268
1052 1420
1932 1248
1046 1402
1050 1942
1718 56
1724 1720
1166 232
998 172
1842 1792
1134 894
1258 1570
1268 388
584 414
422 600
382 478
1572 1992
602 62
1240 206
1464 290
852 444
1050 1280
868 1478
1512 1866
354 616
920 192
1510 178
1024 40
1270 1608
1158 250
208 1540
1432 1042
1532 1296
1808 34
1502 1976
1028 1058
420 1340
896 1992
1522 1112
1120 1876
1728 40
772 500
922 1796
540 192
1962 402
1146 874
1942 1840
1916 736
1136 428
1474 638
962 1206
400 86
1250 1296
636 1476
1670 460
56 102
500 1386
1306 126
1182 550
1022 1848
952 726
1984 156
566 604
1596 1702
1590 1774
1044 1256
980 1444
1342 1492
2 682
968 376
1142 1582
1182 346
1672 1750
472 854
300 52
1964 514
1482 652
670 48
1256 970
454 846
744 202
102 428
1646 706
624 352
1388 150
1432 1792
436 1876
138 812
1626 1872
370 1926
628 334
440 110
986 1814
862 1504
1488 20
1054 936
222 418
626 572
1828 1250
186 1920
104 1618
1712 1244
1494 1112
56 1120
1688 984
308 316
22 1452
426 270
528 1288
1774 720
12 1532
214 234
1950 840
806 1778
90 992
256 1456
1872 672
700 70
488 1314
452 176
1002 1464
492 1024
916 1622
1998 148
1614 476
130 1626
566 1048
1860 516
592 1928
1556 682
1624 516
842 200
1892 100
828 1642
118 1984
1818 1120
1448 276
848 1068
1898 108
478 774
584 1312
1104 1854
360 226
1632 952
858 1892
338 482
408 442
1944 1004
542 772
646 1364
756 1726
1188 204
2 740
1976 604
848 454
82 694
1766 1744
548 830
674 884
1782 1532
776 1382
718 1888
1824 662
1450 1070
138 800
1138 894
526 326
1802 1232
1066 1040
1098 1176
198 1180
574 1226
1628 1122
56 302
1268 1100
538 44
1186 1814
1194 1714
1180 644
1488 1876
1444 626
1474 1232
952 538
1168 722
282 266
1898 480
708 472
1706 336
856 1024
1900 828
828 438
872 718
956 66
432 1398
1414 1920
1978 120
546 156
56 202
694 1224
924 976
752 84
718 1460
1260 1128
500 116
152 1104
944 1684
804 1078
1106 464
1848 242
1862 524
866 544
644 116
1258 1404
318 656
1332 504
894 84
588 316
248 1848
1444 10
1226 858
1114 874
1246 1918
656 1614
1644 1766
1856 210
290 1280
1312 1638
1396 1274
1042 976
634 374
1480 1528
1720 772
548 672
1324 1254
682 1254
112 354
1390 62
976 46
1676 620
516 794
92 806
74 108
1148 174
86 894
1150 720
530 1334
1510 954
106 58
1626 692
1312 1570
1946 128
1924 1336
1452 1604
644 1128
1486 1160
1922 1578
1228 700
390 376
136 476
532 1286
1196 1062
1882 1410
720 1988
730 346
1384 746
1916 1888
136 544
1928 1588
1410 572
1420 896
994 604
1178 926
8 1568
6 144
44 538
1988 1240
304 574
1912 1024
1266 642
632 1208
1388 1252
1800 1524
354 1728
1816 1764
1562 498
1364 1260
1102 542
186 1110
110 896
1812 858
696 504
802 1704
1782 714
1990 1048
60 622
256 710
1874 760
938 932
1046 1312
1400 1312
514 764
572 1616
10 1462
1430 824
1062 1946
1682 1758
1154 1042
724 936
460 714
1246 1078
40 206
492 618
1524 1430
812 1274
1446 212
586 1960
238 1862
280 952
1324 268
334 386
918 16
1406 630
1762 834
270 1484
1548 1516
562 292
984 1054
910 508
1188 1722
486 1192
1900 1072
1856 138
1638 694
1794 1666
1666 128
756 584
1406 866
1918 1168
1700 1450
652 1952
1670 1918
244 654
1676 416
1866 126
842 352
22 742
128 1878
1584 1766
1276 1936
1432 942
768 1450
154 1575
398 337
582 87
310 828
847 1784
522 1928
191 520
768 1595
1071 1805
35 1794
431 1586
1732 823
1757 1890
1783 368
1584 814
1253 442
389 3
1131 1323
90 0
1062 1848
488 1584
480 679
808 1600
1330 790
109 276
1288 540
1862 1372
626 675
525 409
1043 461
1927 296
1255 1227
1914 386
902 1652
738 668
204 282
252 1036
1872 675
1340 1202
1465 8
1830 1105
900 396
1740 1526
334 617
846 1377
134 1125
1288 1389
704 1554
1775 869
1910 128
241 1025
410 1404
61 986
431 312
1099 600
672 1633
57 276
1292 149
361 1978
1822 263
1707 1956
1388 1699
1345 1707
1253 735
1280 74
1567 1169
1803 329
925 568
578 60
1232 29
308 608
366 1276
1443 10
129 156
340 1214
419 1310
1170 159
1009 130
570 1877
1217 1498
1951 784
282 1754
1465 263
1970 1691
882 465
424 1542
1425 53
1522 868
415 562
1728 1314
1776 1203
1328 2
625 689
484 1547
566 1701
1956 869
837 590
623 861
853 208
1256 87
1025 943
892 1154
1348 766
1285 1411
1328 1365
1429 160
1831 1109
1073 104
1061 1557
3 1979
521 663
1407 1006
1605 734
571 1721
1998 1442
512 1727
737 1756
1440 789
1785 1077
904 1465
1146 1244
888 977
1057 313
1785 118
1870 1051
656 743
1362 1119
1364 230
557 639
1007 1466
433 1519
1193 1874
890 985
663 1027
766 478
844 1175
74 84
504 1131
397 1200
160 1882
251 1872
1329 669
991 341
1251 1900
243 258
70 676
688 174
1461 282
1863 124
957 1892
954 505
1419 1028
1852 1923
1070 249
1827 1934
835 1134
158 1075
714 1149
120 1965
105 715
1486 734
302 526
1260 1763
1160 1123
239 821
1367 104
1678 1490
1484 1530
676 1258
690 855
1544 581
1252 1702
8 1966
1203 1039
283 571
1402 121
1657 408
1351 1621
523 511
1096 1673
1684 1726
833 273
1216 317
1803 244
838 1549
362 30
1041 1966
995 1049
1580 550
1736 215
1825 401
1599 1834
1161 1302
1103 595
724 1462
972 1112
1892 509
89 1460
1178 803
1319 16
704 385
1309 1745
1999 1952
1705 635
1206 145
1554 1942
1250 1153
128 1674
1718 494
973 442
308 297
1906 552
1158 906
716 336
61 387
559 1469
772 220
1773 1123
524 182
462 434
327 575
728 488
432 119
1810 1798
965 1135
592 1977
1432 1761
1233 942
1019 301
1278 1784
1951 189
1253 1075
1113 1378
1461 1989
1912 275
1686 1150
850 1470
1638 193
1941 1800
343 1610
1639 198
291 1423
1015 1876
365 738
1088 1995
874 1391
1799 479
818 1264
1120 631
516 1032
169 554
534 1371
728 524
268 1228
1028 1522
1542 667
424 744
90 1791
268 1511
1233 1708
417 107
1803 216
586 1532
1832 58
867 348
1 1740
1606 1239
22 1597
1026 642
1177 54
868 719
1632 1996
1815 778
139 1698
1200 1372
110 1969
1831 824
537 32
1060 1073
1738 631
684 443
1282 290
593 1656
239 1267
1002 120
1673 1133
1750 361
1481 1917
1698 883
319 1250
607 988
1219 53
516 460
85 1928
1533 175
207 217
1529 1489
122 826
1849 361
445 1762
1392 822
895 1494
94 728
115 496
1611 1697
450 1833
1389 1669
1886 257
129 323
1833 14
1202 744
1494 1435
1144 1968
613 1345
681 1410
1107 777
1847 354
975 645
1641 353
1493 308
1106 1943
141 143
1964 731
1104 1149
1406 1289
1163 1871
33 1009
1658 1529
1681 1886
137 1625
1648 1596
1106 1495
1213 1696
140 1206
401 1633
218 1507
1928 918
354 244
1 1810
1393 670
1099 1819
893 1484
1884 1607
980 828
1845 1469
453 52
1065 615
251 630
1959 1302
540 1064
1991 21
571 830
1291 1629
1778 1644
1791 434
666 890
1309 263
1637 1193
1485 969
373 1330
438 1178
1382 207
704 544
100 1367
902 1696
1342 893
1717 265
427 1360
453 1116
267 596
254 1637
749 1915
1515 738
1460 1000
411 1096
682 849
626 975
1408 34
575 1860
312 1477
819 1654
722 888
1919 60
1511 1428
1880 130
1287 486
119 1684
1105 338
1126 917
1690 1889
717 931
738 254
962 498
288 1537
1621 1304
1014 792
1310 88
32 492
852 247
272 1084
729 1559
274 111
1947 1731
97 1425
1911 1050
1314 980
333 404
1234 1999
165 1489
1184 842
441 902
1986 1014
1342 18
1858 1457
1176 834
1245 1905
1304 78
368 1603
161 1728
291 776
1130 1957
315 167
1624 605
518 141
1742 1702
1335 150
1660 1321
1516 1706
43 78
1515 1571
560 1319
387 568
453 1459
730 966
1539 1373
1005 1373
1330 376
1892 954
981 762
1447 1986
816 782
488 828
807 4
1093 1761
1730 960
980 994
983 71
825 1788
1145 1907
17 684
1280 1374
968 1314
102 1212
1883 1083
1264 848
256 1968
688 1472
448 1072
1120 1168
80 1120
1056 64
384 320
1760 1344
592 544
1216 1680
1488 1264
768 1376
592 1360
1168 1232
1936 432
1344 896
1664 736
1632 112
512 752
1984 1856
1136 1744
1920 224
64 384
1568 1920
1488 1488
1600 1680
1456 1632
1056 48
992 928
544 928
624 592
1088 288
1328 720
1104 1840
176 1792
400 16
1536 1024
240 864
1968 512
1488 160
704 1792
1840 160
1424 896
1472 1680
528 16
1312 1152
1312 400
144 640
1824 1248
1184 1264
1744 848
1280 544
1872 784
1408 1840
0 1600
704 1264
1392 544
128 1376
144 1600
1760 1232
320 1072
1088 1632
736 1792
976 560
1744 1424
1824 48
976 368
592 848
1152 704
656 1152
304 1360
1120 1696
1168 1808
1776 1312
112 1536
1248 992
1872 1600
1328 1312
1392 1568
1872 1840
1696 960
592 672
1328 1888
224 1184
1296 880
1040 1600
1504 720
560 672
1232 1040
688 1344
1840 1200
1040 416
800 1632
1728 896
1200 304
736 896
1264 592
272 1296
480 496
1184 1040
640 1488
640 144
912 1904
1520 144
208 912
192 752
112 496
1872 1616
128 1600
1216 1328
608 1216
928 1136
1808 1904
432 992
400 880
32 1744
368 1936
592 1280
544 112
128 1456
288 320
208 1104
1520 784
1984 1648
384 1200
1680 256
416 1312
1392 224
1216 528
480 880
112 1216
624 1184
1856 480
464 960
592 1296
1120 1584
880 592
1248 400
1376 1232
1312 1024
432 992
1984 112
1568 1376
1040 784
608 224
1664 1280
0 1552
464 1856
32 896
1520 1328
192 1904
176 1776
496 128
144 1872
64 1456
1600 1200
1152 1584
1312 720
1664 1616
768 1536
1840 1136
1520 544
688 688
1664 1424
1584 1184
16 1040
1792 192
1520 288
320 1664
1424 384
1824 1728
1584 240
576 160
960 944
1776 432
1184 320
128 704
1424 1520
656 1792
208 240
1680 224
1984 32
1120 768
320 1440
1136 448
528 1520
1440 112
1760 720
976 1424
368 752
1120 112
336 1952
1520 464
1472 176
256 384
1680 1936
608 368
1968 1728
1840 256
1872 1536
704 400
1760 848
1776 224
272 752
352 1200
768 1472
16 1808
1424 240
272 864
1680 528
1248 64
464 416
432 1696
848 1536
1952 1984
1776 1360
384 240
1472 864
464 1744
176 1520
1648 1648
256 1664
1456 384
1168 1728
1248 848
960 1056
912 128
176 48
528 1728
288 480
1712 64
1104 1360
304 1280
224 1472
1728 1104
256 1936
1456 1216
304 912
1600 176
1344 112
1024 304
1872 640
1696 752
1952 224
1184 944
1968 160
272 1776
224 1280
1056 448
16 784
816 272
1424 272
192 992
448 496
1168 496
1312 1456
64 1888
800 1760
640 1456
1984 1088
1664 656
1248 1936
432 176
1216 192
624 1232
944 144
208 368
1680 1104
64 832
160 496
1328 1472
656 1392
624 160
1856 1264
880 1104
1056 544
464 1008
480 160
1184 400
1056 1072
896 0
1920 1104
1632 1600
1472 1696
432 1632
896 1024
1808 1552
1120 432
272 240
960 1856
1344 720
400 512
992 880
672 176
1280 288
1952 176
992 1136
544 624
736 720
1584 432
352 480
160 864
1296 1984
560 272
224 224
128 272
944 528
1344 1936
112 16
1376 96
1008 32
1536 1264
1168 784
592 1168
1504 176
304 1856
1920 464
1424 1920
448 1984
192 1936
208 320
208 416
1552 1552
352 1664
1536 432
1760 1248
1024 0
512 192
784 1664
64 288
544 368
848 1168
1536 1536
1088 1248
1520 1280
1184 992
304 96
1408 1856
912 1760
224 448
1456 1952
1696 1184
1952 1472
80 1296
1840 704
288 1088
1776 400
816 1872
1936 1904
1824 1456
448 1008
448 752
1808 1856
1872 720
1584 800
1872 1040
752 832
928 1968
1008 1008
1968 1552
416 256
640 1456
656 1456
32 592
624 1856
1312 1072
1568 464
528 1376
1584 1104
1360 1168
1168 1936
912 624
1472 1840
592 480
1552 560
32 1232
80 1936
688 736
1392 720
592 720
1280 608
496 848
1072 1584
928 656
1392 288
528 1264
1488 144
448 960
688 1744
704 800
864 1440
736 1648
1376 128
384 32
1552 1680
752 832
288 1808
384 1920
96 1312
1280 192
864 1072
16 1056
1216 464
16 464
912 1424
1968 1776
1424 1408
1424 800
1536 1072
832 1792
1456 848
624 304
1360 1712
928 1456
1024 912
1648 592
1984 368
1648 464
1536 928
1632 1008
352 304
1488 480
1712 176
544 1952
1952 80
1744 1408
928 1072
416 288
1488 1344
448 512
1520 1360
368 1504
1728 720
672 1824
1648 304
1536 1264
1312 1024
448 1024
1904 992
1680 1856
1632 128
528 1264
1904 1648
816 1392
256 1264
1168 1776
624 240
1984 1616
960 1920
144 691
1256 319
51 1734
1496 1133
445 252
76 1008
400 1070
1797 391
1841 568
408 1136
1693 1261
156 1435
1644 995
1870 528
1647 1998
1992 1713
1041 1809
736 148
1895 1849
1281 1044
453 61
52 853
1483 1114
509 941
738 1269
1725 431
882 1881
1131 878
493 1353
1758 492
1703 1015
1470 1448
1880 558
1596 1775
759 494
1171 1212
907 488
1330 1655
1954 1839
596 1044
164 1025
1475 1046
523 1662
276 1368
280 738
212 335
809 34
1048 689
1505 996
816 264
1842 900
741 14
92 71
21 398
966 1673
1794 778
1050 1973
176 1573
548 1156
1293 828
598 418
1867 672
452 1267
1009 661
1176 1442
1838 1722
342 1283
792 786
1706 1517
1888 672
1190 386
154 801
711 682
726 1259
542 932
439 1844
54 1219
164 858
1190 790
80 718
232 622
57 1278
257 849
64 1963
927 304
987 469
1042 1493
1270 1753
879 1613
1925 125
545 1068
1617 1303
991 1750
513 1094
540 945
164 1124
1919 925
402 176
1039 818
843 318
1122 534
1491 868
27 26
269 1962
1991 898
87 1240
1583 969
191 1278
1071 1408
724 1963
1618 153
1087 1537
1782 1489
1330 469
307 525
1491 485
1620 247
1353 703
625 326
1226 616
841 1665
208 424
634 1103
1350 57
159 1339
20 129
1844 1107
931 1626
948 613
1712 1607
1138 1907
796 1110
1802 501
1078 779
1740 656
1395 581
1969 1955
1357 220
1058 1411
277 834
1102 1914
963 1650
1373 246
189 882
859 605
1545 1966
160 1254
1076 1227
1403 506
710 1847
1514 1722
76 748
1677 137
1672 352
461 653
1186 1563
215 149
126 853
1660 1019
87 1223
1624 1984
1189 488
1238 1178
67 1906
388 42
105 1167
1412 1446
619 1793
1935 1939
145 396
944 1331
872 424
1097 1702
1277 757
721 68
1628 1993
52 1730
833 203
1612 165
1165 352
559 1270
223 1971
1420 1194
468 268
1837 230
664 1342
1913 240
118 1010
294 99
119 1015
1815 660
1360 219
1094 1458
1478 1058
1623 643
114 534
1178 1250
1209 246
92 29
1218 842
1907 1147
1240 1085
1739 1358
95 594
161 1127
1961 328
491 586
899 1585
44 1642
995 19
285 1461
553 1463
359 114
974 420
495 896
1262 1667
1691 854
752 343
916 1199
1641 725
1030 1954
1757 1873
540 656
514 584
1002 1509
955 200
1883 1860
1663 946
678 1693
1366 1734
1502 1684
1753 1545
538 505
592 1806
56 585
531 703
1100 640
576 1640
561 355
1841 1915
216 796
467 803
1921 1043
1014 951
1440 1436
1037 590
1329 790
1400 219
1647 1992
1290 968
1842 173
1671 942
78 1303
934 991
10 775
1258 787
1188 990
1942 1461
737 1308
412 1825
9 714
1680 1690
1856 1432
613 768
1776 255
88 322
989 111
1616 1771
118 1463
1114 689
942 372
1828 130
66 826
295 451
1399 324
1893 1760
1390 277
1450 1246
61 415
366 541
1935 1158
1776 1628
1973 1744
1047 1004
1207 865
45 1414
1589 225
600 568
1051 1808
1723 802
132 1616
1266 1874
245 1068
1824 1010
1100 1455
464 1035
965 944
311 1851
336 414
855 808
927 1604
1278 1220
181 1878
1788 1936
38 776
3 522
744 917
396 1902
1602 1485
1616 702
1292 432
1385 609
1728 400
1164 1329
1166 371
841 797
1623 119
17 508
349 1070
1005 1300
198 1360
1822 1294
629 1483
1900 583
968 429
1285 612
1565 1022
1925 1854
126 2
1183 1644
373 376
441 1261
847 1723
121 844
1145 1126
144 47
838 1231
45 1084
1418 1562
1667 738
695 1513
1702 260
1591 1979
466 982
685 1
978 1971
1081 684
288 1576
1111 409
1685 960
1152 885
1359 342
116 1756
1426 1886
1318 1654
976 13
223 1382
1890 1814
626 356
1148 959
1622 687
1634 1055
75 1922
1896 834
1948 1933
146 1100
818 1857
1442 551
1613 133
437 1844
139 678
913 362
1708 803
1232 1038
424 941
1262 398
684 1248
1805 759
787 405
649 735
690 795
187 1125
652 333
1676 617
818 1169
1165 957
1495 1343
375 1172
498 520
1858 1274
1461 1824
376 497
1985 1446
1608 1476
203 257
563 1806
1404 1454
931 760
1787 1311
1729 1518
480 511
827 888
1502 115
764 704
1339 1326
1243 1152
63 1971
353 752
1769 1961
1876 533
1274 1143
1043 678
597 326
1790 736
1637 223
958 469
382 1050
61 588
1517 825
909 856
1064 152
360 1127
475 1417
1527 805
1730 107
1690 1004
1954 1085
386 551
1411 880
1991 1400
1455 1862
573 1102
560 843
394 781
20 1303
341 1084
1807 1053
563 1195
1174 794
0 1256
1605 746
964 1559
183 1702
462 1946
582 1718
50 37
1228 975
1139 492
522 446
1977 1455
101 670
1243 1173
427 1071
16 1249
569 1072
1209 478
388 778
1436 402
1606 1274
566 1922
966 1722
1724 190
1912 1844
1558 318
1616 936
172 970
308 1538
52 1402
1280 836
252 468
612 1150
946 1000
632 1086
106 942
360 1376
864 1326
1098 1292
220 276
1136 1778
1298 752
714 174
988 1726
1712 1040
1128 258
438 1380
1430 1754
1234 1080
1316 1866
166 126
1512 1792
64 376
1118 1866
934 604
142 70
382 1440
88 362
1614 1076
88 1296
116 482
258 1258
566 1688
278 1066
1472 298
1636 1638
424 1710
1430 1192
790 518
1620 1724
1122 466
1060 1504
1172 1148
1866 1490
928 1220
786 1748
406 1044
272 972
1436 550
742 908
848 1644
1812 1976
58 1946
434 848
464 54
1838 1586
1224 1602
356 396
1454 926
1152 382
850 642
130 1256
248 1106
1494 388
360 236
562 1912
584 374
450 642
1024 1588
756 754
346 594
1044 1570
900 104
1232 354
1592 384
736 1146
1026 1570
964 1978
1942 1162
1632 302
102 194
776 1248
1272 1930
1890 296
1518 646
1754 1864
1944 1360
138 844
168 1370
1198 1760
458 1934
172 750
770 1840
1432 1416
1002 1768
1718 1104
666 1198
352 1938
1128 1508
1500 1350
154 1254
1918 1364
1318 618
208 752
692 672
1216 416
1310 1388
1870 784
1228 6
200 230
336 480
600 1002
1678 1656
206 72
1164 410
126 584
368 606
652 952
1928 1564
1704 1324
236 920
1740 812
1574 1610
1596 802
178 1062
1002 1218
246 1602
924 628
1258 1834
1404 1688
244 796
976 1878
1402 1628
830 34
1896 1238
1358 1398
862 364
210 436
1974 510
1208 856
276 210
74 522
1812 264
416 1774
98 524
1462 1608
1320 1142
1486 1426
1474 1020
1460 1932
962 84
1330 1824
1152 244
1526 1126
1458 734
1248 1000
944 26
226 1460
290 1346
1234 1654
432 1962
1966 1752
1104 156
444 1844
1880 608
1776 842
1396 1810
666 548
758 896
940 920
1630 188
1920 1278
214 1412
738 1770
758 1238
128 1894
1200 94
912 1008
250 1356
852 834
668 1332
1676 626
1142 1046
1174 604
504 114
86 838
1006 710
1382 486
826 824
256 146
62 384
744 1966
1182 1656
240 136
1716 1092
970 946
1690 646
276 1536
1692 154
702 900
1534 1492
1004 540
906 386
1026 294
1210 1986
1144 538
370 1888
504 256
810 744
392 1230
1102 1362
176 792
712 1156
328 1670
576 1734
570 110
1930 278
1354 102
664 1646
396 1140
1632 244
382 1268
836 886
1524 350
896 1182
142 702
1248 1022
198 1226
1444 1230
896 20
230 170
834 160
1714 188
262 1082
1834 1362
222 732
310 604
704 412
756 932
762 356
818 1608
1762 1332
600 1960
558 44
1894 158
768 124
1032 1602
1550 746
494 1812
390 1594
440 1316
326 1454
1186 1734
1866 1942
666 1894
1002 46
206 764
1378 806
1428 640
1554 1322
798 322
8 1830
628 262
1842 1684
778 232
1278 1922
252 308
1938 1438
42 1804
84 708
402 1086
1458 1170
554 1540
680 1982
180 796
570 1682
1118 1282
778 1012
1544 620
696 322
1556 678
1510 1808
1690 1448
512 1732
1956 596
1144 920
1652 1868
794 206
1408 1474
1454 1558
974 728
1240 1358
10 18
370 258
1342 1770
1284 898
1152 794
1972 842
946 484
574 1464
1784 422
1088 1436
290 586
908 964
60 1066
522 300
1794 466
1658 508
1750 732
766 1092
1206 754
552 358
110 1228
1200 1760
1712 478
1224 200
900 1016
902 456
1602 1810
124 928
1580 1350
1932 78
1816 1590
586 1566
1026 56
1220 232
810 476
1294 1624
1704 1198
1946 120
1676 1874
320 1280
156 1926
440 462
1736 564
94 20
618 26
98 996
320 1388
1266 1346
1444 1190
282 1520
1666 1576
1144 74
774 1794
898 1154
934 484
1700 1090
410 140
1552 1412
674 208
136 1292
938 796
992 1820
184 820
1870 894
714 1418
414 1646
994 262
424 1034
618 1884
892 1552
1072 1296
1346 1482
702 898
1598 1376
1810 296
668 14
1796 222
538 684
1746 408
282 460
1826 696
810 790
224 1796
528 842
384 1420
1098 1456
1982 1148
938 684
750 1802
60 1826
802 1432
1840 598
358 1082
1986 808
1490 830
534 1286
230 1344
76 454
1844 604
0 228
24 1802
388 6
950 592
1394 262
394 158
792 1900
152 1336
498 510
418 1188
584 612
18 1118
1898 1514
1166 1974
1968 1572
1282 1234
504 572
1036 1454
1282 1252
46 1942
218 1144
100 1010
1044 252
1050 246
732 1468
1434 1316
784 718
434 1244
232 1600
1922 904
1876 470
842 1646
1042 1144
1100 1028
1100 1850
970 22
1698 1632
1736 1446
588 786
396 1320
958 1830
636 1742
1252 1774
1690 188
640 878
358 1220
1348 1904
866 1094
1752 1677
1471 1310
44 809
1959 311
281 947
1512 819
414 458
994 1067
1134 1660
171 796
100 914
1241 1188
247 1018
698 1525
538 1704
1494 1193
1381 232
151 692
1393 1729
1707 1674
1028 134
1197 709
944 543
128 782
1118 651
1197 1922
1184 1142
1462 1431
160 160
1871 698
1864 69
243 864
653 1661
1556 46
1742 1615
72 770
101 888
1831 312
1431 1226
1446 901
229 643
471 1413
137 637
1759 297
1712 334
966 632
51 1561
1496 1619
1926 108
1665 20
638 1004
57 739
1892 240
1403 1675
1466 468
1491 610
1463 666
23 867
218 134
1868 986
820 1186
1618 138
1310 381
1757 1588
841 478
875 1479
1834 580
1837 78
1524 1592
1372 609
764 1567
1219 1494
585 298
361 1155
1699 1285
845 519
1034 1730
305 1048
463 1118
988 8
1807 1863
402 345
795 239
1690 1586
535 1414
195 214
1333 118
412 622
416 1125
1396 467
410 241
1901 148
1619 910
1548 786
591 1451
1709 1102
1666 111
1799 1728
1406 1841
18 293
1255 565
1211 1292
1035 1271
829 507
748 225
1537 425
466 1438
925 56
700 1388
490 1643
839 903
1097 1209
1366 1459
1641 420
4 11
332 174
928 1191
170 1019
1729 1351
89 1533
280 1978
662 365
1768 150
421 1172
242 1263
82 1433
1081 1179
1346 95
990 1902
486 261
265 818
787 460
713 1661
1831 794
279 1920
1594 207
602 1904
1276 722
1110 1345
1161 1352
1875 891
1137 956
774 1750
107 679
4 593
1644 269
1763 783
1081 1391
444 179
185 1075
451 131
197 1968
1302 1473
1394 412
85 555
679 312
1446 520
324 1135
622 431
518 626
1939 514
514 1702
1649 1947
1797 93
126 897
83 1844
84 984
516 1738
1513 1558
1417 1950
1380 448
966 1178
1320 1642
665 1561
636 239
187 1279
1105 1053
1333 754
267 1693
466 1097
1646 901
1293 1730
941 161
31 454
282 1800
1671 14
600 989
1896 624
1898 1476
185 1238
1715 1991
165 1735
1748 202
1193 719
247 11
731 245
1616 376
1242 557
1100 1625
1574 438
1425 301
452 1081
1642 700
409 1540
880 1509
1130 1510
1852 1295
1949 304
1116 1494
1938 1715
772 317
1227 388
1397 117
1860 849
446 1786
1287 223
87 443
8 433
410 65
888 938
278 18
1152 834
932 157
53 1696
918 1639
1763 42
660 990
430 57
1811 642
525 609
428 1812
832 1571
1874 1192
919 1932
524 1807
1574 1154
177 345
903 1461
502 956
1157 1772
947 187
1814 311
1529 1159
720 959
153 1245
1568 1848
1972 19
123 550
1211 1042
1186 87
1201 760
508 645
161 1411
106 1930
719 882
54 1666
1421 783
681 1654
998 1049
965 1151
1561 1448
55 237
1467 741
787 1734
135 325
1088 603
1789 1244
1248 513
1359 410
795 78
1292 1201
448 713
336 1481
1282 38
530 951
104 1147
399 863
1736 922
308 875
1571 1710
1200 307
665 1904
255 617
769 1614
1027 1564
748 1234
1117 1196
299 720
1029 285
406 263
151 1214
325 1254
1696 61
1091 4
1499 662
66 699
1673 731
603 632
1700 1724
598 1642
1640 1346
1580 24
894 1879
392 627
1783 1502
538 1934
335 863
1540 31
191 983
387 42
349 1368
1093 374
451 1315
654 714
1039 1956
1412 1946
1654 992
1970 1252
1223 1066
1527 654
920 36
1292 1959
1251 451
342 1442
138 1292
1836 1402
660 196
128 1815
1511 49
881 1254
709 293
1904 1278
1285 226
530 1423
1644 1676
781 1831
1712 1692
142 1315
495 1047
1672 985
1043 212
739 55
408 134
574 623
887 722
792 1244
1367 696
1226 1567
1837 671
1694 185
347 1531
368 411
1575 1073
1726 422
472 454
1970 219
1229 1413
626 1637
1899 848
1175 786
1570 671
945 556
1719 171
123 260
1194 521
1008 597
404 1376
1360 894
1505 353
1316 1977
807 1990
548 388
318 1174
1292 921
1993 1523
622 1915
194 271
471 1913
794 1298
1440 1255
171 800
1852 1842
880 479
1440 948
1184 1460
1629 343
365 1444
1646 1035
970 1642
308 963
1517 930
145 1711
1201 968
1976 910
1533 120
869 408
920 1073
602 715
1904 394
367 1440
769 348
698 1134
144 344
1225 381
690 1533
48 207
1730 545
270 1283
780 950
193 665
1985 1414
1777 1257
1402 1998
676 10
392 1395
365 1865
1010 1063
1351 1506
111 576
591 449
1376 1554
1008 754
451 1982
741 1935
1284 1849
952 1973
1967 1644
849 1721
1642 1525
646 738
539 1011
1518 1901
74 1221
111 185
1064 321
1690 792
1875 1402
250 678
1736 991
1528 1724
1192 1184
612 74
828 1461
499 1174
42 1145
827 933
156 697
1538 1286
622 916
1823 390
1589 1513
830 400
788 400
552 804
328 1384
536 1656
748 1832
1056 476
740 1864
1304 876
1556 908
1916 1656
488 292
1792 1152
580 760
1052 944
1572 1540
1344 332
1208 1868
1136 240
1252 1672
1896 704
208 220
448 948
84 456
1092 344
68 1712
0 1260
4 1060
412 1852
1820 168
1500 96
976 112
428 184
1980 832
424 1936
1208 1024
1908 684
1244 356
336 32
812 132
1644 1584
1844 1644
844 1116
1408 1960
968 1932
692 1172
1296 372
1284 1724
556 1968
1260 1684
1172 1736
708 1080
420 1220
1436 1460
1252 952
156 896
536 0
1808 84
1116 1920
44 788
416 1440
1228 1712
1812 512
140 1072
1748 668
756 1624
1108 732
704 1528
1952 140
1692 1204
1796 1848
1368 1036
1116 1880
1824 936
504 572
288 920
1280 1516
1336 1796
732 744
136 1184
116 892
808 1224
1624 1512
1456 280
356 1148
752 856
264 824
596 84
1408 420
1020 1912
1556 12
100 1540
1528 140
1336 1528
1588 1472
1416 1704
1632 1492
1632 1960
1004 1792
804 628
208 260
188 1176
1084 1348
1260 1196
1768 984
1108 28
1560 1912
1568 1792
616 172
1320 204
1644 4
1880 1980
1496 1512
504 1204
572 12
536 1484
976 1288
1364 60
1340 1328
1960 1812
312 1068
404 1872
1544 676
932 864
848 956
1772 1760
960 1652
444 1160
1136 1652
1632 412
1664 168
1896 640
160 1964
1404 1500
1292 1364
580 1604
1700 1688
744 1948
364 1676
1516 480
1336 1992
944 1564
912 92
724 48
308 356
460 676
1792 1060
584 1952
1024 692
720 316
1324 4
624 1728
1692 72
1676 760
452 1896
1240 352
1888 888
1916 800
1544 640
848 556
264 12
1232 760
1072 520
712 96
1776 136
1116 1804
844 1008
1532 536
1080 1912
1860 96
1808 1804
1152 1696
1960 1068
1060 208
412 612
764 1380
1892 700
140 964
1784 120
328 264
960 148
68 1072
1156 304
1608 1504
216 172
1600 24
1244 1456
1720 1204
524 1484
1412 1640
1364 880
288 1256
1580 428
924 68
1252 1252
332 1480
668 1104
1256 1824
1408 864
1328 1624
304 1632
352 1548
1088 636
1456 316
824 868
1224 188
452 1512
148 32
644 1636
1368 1164
1592 404
1348 260
72 604
1352 184
172 680
1076 476
1580 1428
728 1372
768 184
252 860
1756 180
1048 208
1692 464
1508 1040
804 1580
908 396
1984 960
1924 760
1564 1276
1508 1004
660 1288
184 240
716 180
880 752
1068 1132
1612 1388
16 1364
300 412
1828 512
1452 1336
92 1628
1000 1344
588 924
104 1420
904 316
1128 1564
1604 1312
1072 1588
196 656
340 1828
492 656
1920 508
20 924
920 1116
704 1076
1156 1500
704 156
1548 560
1784 216
684 688
1236 1812
1520 1404
1828 1296
1696 588
1952 740
1120 444
1396 1744
1656 120
668 576
1940 76
1652 1660
844 1624
1816 392
888 868
1312 1572
1556 1112
1384 1780
1220 1916
1780 916
504 436
360 328
880 1756
72 1240
1876 8
1816 1084
84 736
744 928
1064 1264
588 656
132 1900
228 956
1012 316
1440 936
232 488
1852 4
924 212
1036 1072
672 1672
312 1816
384 1396
900 468
836 348
664 604
1612 1252
1260 1012
1152 192
672 1432
1212 112
368 148
600 1488
856 88
404 456
1864 344
832 176
864 1216
276 1764
1684 1112
816 1052
1716 428
304 1680
1440 724
576 112
860 1788
1492 1932
500 92
124 1356
884 1796
516 748
140 1348
192 1708
564 1172
176 220
1552 992
1272 1268
1420 844
216 128
272 792
944 1836
1848 1140
1768 1052
500 456
1112 88
252 896
104 1096
244 1000
1508 76
172 1684
1000 1724
676 272
260 800
1820 1180
1632 92
676 1844
632 1228
984 964
280 1484
124 660
136 1080
260 944
880 504
1944 388
1284 116
72 284
1108 748
1824 72
252 1644
1252 448
1708 632
292 340
424 1276
1304 1408
28 132
772 868
1212 1032
1812 92
804 460
480 792
1280 1256
344 388
4 872
1164 1524
1220 416
676 928
316 968
1832 1444
948 1840
852 1680
536 188
1252 1748
1924 1768
1108 728
228 292
788 776
112 1132
1164 820
4 1596
1048 1224
716 1724
1420 1032
1396 1252
1180 908
1796 596
1292 332
1488 1812
1348 1412
1580 1160
1408 1076
156 196
1852 268
32 1720
1060 740
1316 108
668 1300
396 88
1036 1792
44 780
1404 404
80 1964
1440 272
1776 1492
388 60
1356 500
1136 76
1400 1692
1048 136
680 108
876 700
1484 812
0 584
1604 304
1080 916
1788 1752
24 572
1716 1464
1548 196
224 640
960 1580
408 1364
360 1808
1056 676
508 1736
1488 88
1704 972
900 1704
1556 1772
712 1200
688 1204
952 712
480 1372
880 28
272 1104
1936 1232
656 344
596 430
486 1686
1227 957
1580 1028
92 50
1271 405
521 1977
280 1295
945 840
1461 1631
1718 1981
1342 1027
1213 1674
1759 1601
1714 535
951 1632
1882 1437
22 1813
15 1602
1193 107
921 1381
512 1794
1710 1709
1089 1007
901 902
638 1184
1448 332
563 1365
6 1970
1318 72
478 973
408 712
762 782
877 1129
1653 635
1236 926
16 665
1424 430
726 865
1437 1627
332 1131
1515 132
1463 1726
1849 525
965 1871
949 1795
1196 274
1211 310
112 88
4 117
723 1592
1747 1795
609 819
1873 39
601 366
231 1637
1497 98
121 1312
1093 674
1485 762
897 55
1261 797
681 472
1107 793
208 1463
179 200
1620 1926
347 581
366 1489
1889 1671
1855 824
956 973
922 1781
637 1071
807 1391
1833 408
1094 1446
853 479
622 312
1976 1747
692 155
651 1016
1702 1350
1949 420
1543 542
795 1019
1014 103
1992 1557
236 629
628 1043
372 1730
1803 170
1528 1008
649 1067
1320 1542
1518 716
753 169
1380 455
223 1302
1931 683
1492 374
406 1775
1181 46
36 1417
1379 664
1516 668
746 1319
838 1543
327 404
610 1268
650 832
336 1403
1353 633
775 1928
639 1410
1667 483
1053 73
258 1882
471 646
568 1471
579 84
139 1677
1024 625
1220 55
1733 886
1675 383
70 576
703 1423
1913 182
972 904
1592 639
1387 997
333 1266
148 804
1912 1068
979 843
1856 766
1789 880
1364 1361
1852 1097
1164 1527
1101 1234
1159 508
278 1072
690 1250
328 634
241 632
900 574
1898 1400
999 1810
1172 330
274 1380
365 63
233 1729
1776 437
1530 1644
668 631
851 392
787 777
1816 181
1083 1413
84 28
45 40
223 295
1792 1222
457 964
256 731
1048 621
1498 1633
702 543
70 1149
891 1655
132 1390
751 188
871 1623
369 658
684 1509
1603 1081
1197 1826
1376 989
1400 1102
1009 1656
537 1326
1194 952
607 248
1847 1946
101 1090
305 798
1749 112
1338 972
1735 411
547 1336
837 150
1121 34
1624 1766
644 1728
1572 1653
1736 461
1331 1282
1413 1207
799 1612
209 1252
1971 866
402 1720
1682 1740
1044 1065
1068 1591
1105 1905
93 1495
291 69
317 1991
1797 241
913 1154
702 596
788 1736
155 1939
1348 1068
460 23
638 1214
1391 1968
1519 1352
654 939
1295 111
1196 1953
1958 191
726 275
1451 144
516 12
946 839
1312 1734
575 736
942 275
156 1754
1567 1711
968 1310
31 839
662 1037
482 1226
1713 382
235 23
194 961
1567 1997
1457 1139
9 755
1978 1673
1758 905
761 1052
449 1834
1510 1664
1545 478
974 280
1290 1609
1882 124
1187 651
1775 1422
674 321
735 1297
318 1461
1001 1383
216 1331
1408 326
1153 1438
82 1602
1976 296
1618 1873
1691 1296
505 1333
553 739
161 444
1390 288
218 1685
1313 222
982 1631
1331 335
1366 1899
935 43
1494 88
1481 280
42 1809
1493 1660
34 1888
1308 1243
1573 778
1251 1734
1574 993
939 1061
678 956
1283 929
1504 966
1968 1574
1569 1255
1617 1063
1695 1450
964 1737
1611 457
1749 349
697 1974
509 270
1456 1760
356 86
753 1999
1147 700
224 782
1981 80
1748 653
1654 586
473 892
1 520
694 965
1526 1222
1774 331
275 471
1009 784
1445 817
896 1070
1820 214
1421 1319
1266 1645
666 1951
1725 1470
956 1000
1704 1781
244 1326
1570 938
291 1800
864 1334
483 56
861 409
1192 871
1930 1005
293 1750
1923 418
338 1541
980 60
1492 1057
1178 448
409 503
1498 1357
1829 1772
1212 472
1924 428
862 759
1188 288
1168 1297
215 1663
1006 860
469 1281
926 1159
1174 258
1571 1370
584 1666
170 1697
169 20
1971 350
144 1887
1174 420
315 1305
1744 1124
1945 1616
773 1808
1631 131
1020 1017
1764 650
880 938
177 1368
660 1817
1034 830
1866 1907
471 541
609 967
76 839
656 12
496 752
1488 441
368 261
601 1620
1096 325
1341 508
244 1869
150 773
1237 810
942 975
344 1512
1234 1167
266 195
1403 1398
303 1707
1410 799
1163 898
157 235
1511 1462
207 959
1056 1900
171 356
1038 321
1481 627
1835 1127
167 1096
287 1753
615 905
1921 18
1220 576
1725 1334
1375 1592
1149 236
744 1716
1319 7
1944 727
472 467
1083 1510
409 916
137 596
395 1360
1692 1034
734 1224
1208 303
1242 1132
879 588
818 958
532 319
815 1628
1304 134
904 1600
1213 1376
419 1000
1238 828
268 1727
1989 1015
708 33
49 1442
1257 1609
1745 120
1093 1328
708 828
638 1592
1851 1805
489 1507
291 1041
1811 208
1121 1147
1560 711
1975 884
1142 1964
1899 1850
1618 1217
1644 1579
1530 93
1699 1540
1773 759
1072 1328
1268 1627
1837 1757
755 1045
1502 214
1957 1679
1361 1138
4 294
180 1352
782 612
1882 1274
1410 1730
234 1342
1550 612
1222 1124
364 1014
708 1396
1526 544
1562 1072
886 398
1972 956
1264 1880
1448 1972
174 898
1324 1660
1510 1910
204 1624
910 438
966 460
1050 754
288 118
472 266
1514 1998
1514 1780
1774 400
178 312
1356 146
192 74
118 1070
972 712
1434 482
622 1638
810 1532
780 1776
696 1100
1234 1550
1218 976
520 2
1678 34
486 722
434 1934
1034 494
80 1930
568 1468
1704 1540
884 1138
726 1506
46 1536
308 826
582 1708
1926 1816
1962 414
1496 482
1120 1740
1220 310
462 358
244 200
1418 1594
834 1986
1766 538
796 650
380 226
860 426
1032 1872
522 1614
850 1152
134 812
270 196
564 94
640 488
970 1806
1412 1918
6 1534
1512 1544
224 1982
82 1724
1336 1166
516 762
862 1548
1338 88
1866 188
1944 0
270 1484
196 1538
1578 1540
26 1252
1346 142
1736 56
380 1952
1600 1874
1204 386
1598 540
822 818
6 1684
366 614
476 232
802 420
1502 1776
608 402
1314 1456
508 1314
708 1854
1456 1148
1180 1106
370 780
980 278
436 1282
818 1258
666 94
942 1736
1412 122
1238 214
542 1444
1260 420
1846 1278
1876 354
592 584
1478 22
1002 658
1128 76
142 812
354 578
94 1876
1836 760
674 1482
1766 86
308 1708
1570 120
1152 1534
540 998
1516 1120
622 1378
408 804
1400 1410
166 528
190 1012
1340 544
860 138
1690 1400
168 364
152 638
1016 460
346 1290
580 1498
824 1824
1200 1044
944 526
422 622
1330 1822
736 200
1054 1492
1778 1098
740 638
1802 430
742 674
64 894
1312 1784
624 1658
1074 1908
1860 602
1002 1764
1646 650
856 1338
1272 890
1864 1278
360 1484
1474 842
1286 214
184 1792
1914 926
466 682
386 1778
466 1010
140 244
918 0
1550 624
1034 1900
1840 1890
1238 1816
1484 372
1094 1844
560 568
686 1846
52 870
204 670
1066 1374
1352 1452
422 522
1166 562
766 788
1832 1020
1978 1570
920 522
1460 1428
338 1648
1800 702
762 360
1974 152
910 730
292 1818
1400 1358
1758 1456
810 884
682 680
1446 152
172 1982
1172 854
1552 658
1376 1716
790 984
634 590
1686 1396
1654 1660
1548 1268
1660 1840
1652 1764
1198 114
490 712
998 1876
96 1148
594 834
400 470
392 656
1832 334
1642 622
22 276
1916 412
376 1570
776 1924
108 436
1738 1760
1470 1640
578 664
1622 1576
540 1718
1428 1838
1256 1828
874 918
1754 706
1956 1396
598 1978
1672 514
390 752
1354 1166
1380 166
872 1118
1926 1046
1324 1208
1710 946
1488 250
1368 916
1358 1894
14 936
1516 1768
346 1472
1868 944
1450 1540
728 544
292 786
414 1672
1656 1990
60 1582
1036 1384
1494 746
1034 982
266 1106
1898 328
1704 616
1264 1220
1088 1610
692 956
1824 846
1200 1256
94 196
746 1074
1138 402
1768 1198
688 1370
1286 182
820 1024
1868 1790
130 470
118 1104
1652 86
1028 1444
966 990
966 1494
540 166
750 1200
1632 200
978 770
1306 746
672 1994
820 1958
880 206
982 748
700 1816
1218 88
1624 1574
174 1218
1584 1140
912 1254
634 1452
124 88
652 460
288 334
1230 1594
350 1902
292 1170
564 1172
80 250
624 1346
1336 1112
1434 960
686 312
882 974
722 1794
932 1356
516 326
714 1872
786 1706
772 1286
570 1826
1892 862
996 1022
1304 346
1272 632
396 1312
1744 534
838 1700
846 424
1378 1568
1488 1580
194 4
610 1612
1876 100
1318 1352
1386 1888
1178 548
20 1444
274 28
1790 250
660 890
128 1674
1424 1670
78 974
94 1456
1812 1582
1740 710
290 350
322 732
1720 344
84 1106
798 532
358 1522
1976 632
1550 470
1448 914
1360 280
588 1488
654 666
1166 1452
1392 1682
304 1132
392 594
752 1418
1326 472
328 680
282 1830
1916 1910
1352 1892
542 1606
1066 694
520 1130
1678 378
1322 332
1044 488
1054 436
736 1358
1542 1832
1952 294
1816 548
1470 848
1932 456
1382 1848
1070 734
444 882
1044 1510
280 1564
1344 524
1942 666
1560 256
1154 614
1396 594
1972 938
1696 1194
1936 216
446 110
1064 1082
1836 446
930 906
1884 78
1788 928
292 1338
1196 1636
566 408
302 126
664 1456
10 764
1320 686
972 1016
1880 908
1232 1030
288 1000
112 124
1446 1746
1734 34
1824 792
1666 116
130 862
456 696
1270 758
822 638
1484 1536
672 804
1492 1644
524 76
1256 460
1672 1544
1460 488
372 1610
800 1376
348 1328
168 14
714 298
876 1170
1698 1416
1198 1224
758 682
1326 1430
190 818
1778 1418
894 304
1878 1270
552 42
1028 194
356 532
1570 704
1860 442
718 1278
740 273
1751 1695
1493 202
363 1355
459 1694
698 1158
443 1526
1831 77
1030 934
452 882
1983 1566
1055 65
248 180
353 1489
1413 1500
1884 671
125 1987
718 537
189 1648
596 1352
46 1646
862 1408
1172 693
1485 554
1979 641
707 666
1126 1762
731 78
861 1436
1919 274
1288 370
1864 684
1061 582
1221 169
1286 169
577 251
1463 6
1659 1906
1755 1496
812 653
841 1871
23 319
904 1673
964 1413
1813 883
391 372
1605 607
1408 1585
460 629
106 98
1150 683
349 1317
1745 1064
1575 419
912 1658
1776 320
1529 1799
991 785
176 1955
902 1612
461 212
336 418
819 1744
707 1631
1429 813
1000 579
1119 405
1896 864
388 742
1987 1300
752 467
1972 633
1185 234
337 417
541 1591
29 1002
507 717
691 597
1165 1750
580 594
1482 1932
1877 1305
1608 692
873 1644
1786 1779
1648 890
598 539
1875 487
773 916
1823 18
1778 204
1939 637
192 1334
882 61
1436 733
1574 1622
1369 1803
927 1329
495 719
1677 633
1202 244
1523 504
1487 317
614 612
1233 437
1334 1363
1345 1625
1271 241
1311 505
1221 18
1942 1147
1640 934
950 1486
263 1068
909 1563
1701 1167
159 847
1671 1646
1516 637
962 1453
1778 1944
1735 42
840 1358
635 855
1863 560
521 1428
1707 1432
362 280
1270 977
1348 883
188 105
50 1051
1304 73
1049 820
1629 11
1192 1759
874 1631
505 770
1341 411
1273 1908
1323 1065
984 301
849 1698
933 823
1946 985
1354 486
1090 1756
104 1313
181 1857
133 1810
787 381
840 13
364 1345
783 1705
108 760
532 702
177 1516
651 1730
485 288
201 783
921 259
1621 363
15 429
380 1467
1205 1432
1629 344
517 469
357 1448
1437 1492
1153 1545
604 1685
599 52
824 1954
134 13
594 1606
1148 1515
1513 769
1853 1151
821 233
618 378
369 247
722 1101
339 1431
1253 1776
1979 758
1673 583
1714 1543
1691 890
1497 392
903 1010
350 403
1229 567
1876 1082
70 345
234 688
1427 955
558 501
760 545
1932 365
1025 615
1690 1402
117 1756
1297 512
1350 417
1256 605
131 1606
1008 64
1092 1236
65 1162
852 1355
1473 279
662 1679
1347 693
928 335
706 305
1517 1100
59 338
1560 627
1202 910
1044 1025
1515 1527
983 875
1943 1131
1382 712
1212 234
1715 1389
513 1648
1420 916
693 1052
1818 1399
1357 391
474 120
1081 386
1099 987
215 847
364 786
374 618
932 1588
101 314
1948 17
196 934
1054 1413
934 1178
1248 1627
1878 1770
82 1587
513 556
978 298
1861 429
933 780
1843 568
1566 569
1538 498
509 343
460 1728
927 1360
1718 685
396 1004
782 348
1335 660
470 1417
1870 1687
892 1200
337 1105
1629 1974
1885 1472
1246 1803
1664 784
1220 173
398 384
957 1677
1015 323
714 1763
31 1144
815 1718
1427 1637
54 1297
1676 1298
497 717
1107 126
691 1696
1221 504
1851 885
344 1775
114 1094
1430 1990
771 797
1017 404
1264 1615
252 431
1685 383
772 1739
1680 448
1741 881
1165 848
630 208
896 555
1416 18
1792 679
1793 1906
477 871
1896 167
372 1832
1275 1988
151 231
419 540
1533 1543
1198 1917
343 1643
421 212
1410 1051
1339 306
1606 1107
676 102
490 1740
360 1534
611 1879
757 606
1711 32
594 918
615 284
1106 852
179 1008
40 1793
1570 461
1653 980
216 1696
342 174
74 289
628 1268
1677 988
1858 1344
1219 615
1950 1282
999 1463
552 885
451 929
441 630
289 833
775 1859
350 1699
1191 918
99 804
1444 877
741 776
1064 1122
683 922
114 254
104 983
1511 159
1150 63
1044 1601
1344 1108
583 200
293 1925
763 1562
1976 873
832 75
1677 1547
1871 770
323 1639
596 1358
561 1062
1587 1721
749 746
447 1899
1513 1843
1852 1424
1655 1706
680 867
1983 1443
429 663
668 1965
1090 1049
1160 961
523 754
1304 767
464 784
1100 51
505 1849
1501 1304
1371 1933
1122 1927
1709 425
1985 389
1996 320
184 777
631 123
1661 992
1524 1525
657 614
631 528
1733 718
16 1185
1473 873
657 1893
152 732
178 1626
659 1887
403 1563
980 1318
1883 1516
799 1785
343 812
777 1138
1960 1786
104 591
1370 189
1309 1738
645 1701
1882 6
1946 386
386 124
1660 1397
1067 767
960 399
789 1762
619 507
251 233
23 1380
1019 1983
1870 1827
197 511
16 1858
249 1013
615 483
1371 561
517 461
1741 881
777 808
919 89
1911 1356
555 1097
567 1158
1682 1509
1242 1405
196 31
1232 41
894 1600
1170 791
1884 1785
545 1607
1969 1414
1339 1710
1566 1764
1437 837
557 52
193 31
1501 31
1189 1183
1540 1350
1744 1344
440 1456
1088 40
1832 720
1072 584
1240 200
688 1904
560 152
1496 128
1000 1568
1032 456
1712 1792
1888 976
120 568
984 1464
888 0
80 32
1456 1168
776 1992
592 416
1280 536
1320 1240
1712 584
1392 1208
1416 1664
776 1152
824 1192
216 712
168 336
1280 424
1072 144
424 1856
176 584
1024 224
1848 320
1344 1128
856 1368
1072 1272
1224 1736
1184 640
1400 1960
1064 928
424 1280
1640 1296
1616 1624
1720 1392
1768 848
1248 1216
0 976
144 552
0 1488
1680 128
856 24
104 80
1760 1856
1992 1864
520 1056
792 944
336 1136
1512 656
1464 1936
1320 504
1352 1272
1720 56
1520 1864
608 224
56 992
352 912
1720 1728
264 184
1584 960
48 808
16 1544
1024 1056
680 536
1712 1416
1176 1736
1920 528
280 344
1288 1800
912 600
24 968
864 1648
584 584
80 1552
1336 1664
512 88
472 1232
904 200
288 1584
1440 1272
1704 1184
1008 1624
416 1288
1968 976
1792 880
1576 1088
552 440
1440 408
296 1520
1960 1632
1888 1744
424 1064
976 1328
1832 536
184 1976
1808 1888
1160 1520
784 848
80 1456
1824 1872
1608 104
1664 160
1112 1104
1272 1408
624 1800
1744 512
248 872
848 1224
768 680
1760 1656
1360 272
248 1792
360 1032
640 440
1760 1168
1016 72
1272 1248
936 1088
1056 776
1200 952
1280 1648
1464 1528
1088 1016
1456 560
400 488
920 328
760 1168
120 1824
1472 1464
968 1936
1336 1256
8 1312
1208 944
1672 264
424 1576
1216 1704
496 1952
1232 288
968 1960
848 640
448 472
968 1912
1640 1792
304 1816
1960 1976
1752 1296
1232 464
1312 440
680 984
1976 1104
1832 1192
1376 328
1848 1312
616 792
1976 168
1432 424
640 1104
1608 984
896 616
72 1560
592 1824
1560 392
1560 872
1536 240
1128 1512
1344 960
1976 1424
1992 528
8 1312
1320 688
184 752
384 1528
560 1992
1216 160
608 1288
1720 1200
384 1280
296 1944
720 1104
888 552
616 936
216 1296
1632 912
1096 344
224 416
1032 1112
440 1416
1344 1000
112 560
432 1424
1120 152
1896 1504
704 192
152 1424
0 1040
680 1888
1976 896
1184 312
1808 280
656 736
1968 256
1848 1112
376 1192
816 1760
456 1248
1184 1576
672 1080
1080 1376
544 1936
1504 544
1680 184
1136 928
1784 1592
1240 1592
576 1168
328 544
1424 880
360 504
776 448
264 1232
400 720
80 1072
504 1864
1152 1048
1072 1360
1568 752
1544 704
384 1328
296 896
1624 1440
64 656
688 192
1536 320
696 1016
768 232
1520 1872
1656 1600
216 160
168 72
480 1240
0 48
1264 248
752 1648
848 320
544 1176
1760 608
400 1152
800 640
1472 768
224 944
1704 1744
88 1360
48 304
1520 920
1080 704
1432 1080
752 696
600 776
1048 152
1096 864
1328 1560
176 1728
712 248
1640 1456
1720 1864
1104 1424
312 1192
1488 1064
200 1712
688 1848
984 120
1632 440
1520 936
1216 1136
1792 1016
704 1688
576 880
120 560
1128 464
16 848
1032 1120
976 48
1584 464
1112 488
1448 1072
1040 1136
1192 1944
280 1984
1584 768
1120 1944
1784 528
336 1632
1408 1160
192 1808
192 912
656 1224
736 904
544 1024
72 1656
80 224
1432 1824
1360 1896
1768 912
1880 624
1680 1704
568 168
232 1608
1800 1640
768 696
152 960
1608 80
1456 1616
1688 0
640 1760
360 1424
1256 1064
520 1320
960 288
232 840
1616 616
544 184
56 1480
1792 560
1824 1832
1824 544
1496 136
624 1656
1752 312
1656 1664
776 1992
1792 32
1056 312
624 16
1872 856
1560 1488
744 808
944 800
288 1440
1360 112
1976 1888
1360 40
1296 1984
1696 1048
1000 624
1416 1048
1320 480
1784 376
792 408
1096 664
536 1360
1424 1280
168 1072
784 1160
1216 144
1272 1760
600 1904
504 600
592 904
352 864
232 1040
616 1552
1520 400
632 312
80 1728
248 616
1088 376
600 1960
152 1384
1120 1368
232 1664
1832 1536
272 336
136 864
512 1056
1728 744
96 344
1568 320
16 200
632 800
1200 1584
120 992
664 720
224 816
808 1344
1456 1040
1712 1288
1848 1984
1600 1984
120 112
1744 552
1560 1840
168 1832
864 888
1304 768
1688 1208
1056 1808
200 288
1232 1128
1808 744
1744 1968
488 1456
528 336
712 128
1592 1536
944 40
88 1208
1152 256
312 16
1144 1616
784 1536
824 408
48 1728
1400 1280
1424 1912
24 1872
1152 1784
32 384
824 744
512 416
984 160
1728 1640
1368 880
600 1680
896 1016
0 952
1256 1528
64 1872
528 168
1856 656
784 1152
528 1936
936 560
320 464
576 1536
152 1560
400 1880
1904 1040
760 1776
1424 360
301 577
1658 898
1630 1872
1772 1660
1515 1651
858 412
1843 1942
124 1226
371 21
1806 1239
1035 1191
1348 550
1158 1501
212 883
1745 344
1835 46
921 1845
1296 1472
990 341
1484 1209
344 1615
1269 187
1557 666
469 280
1039 1923
223 74
387 1196
976 249
697 1892
405 1146
1157 592
1544 78
789 840
1902 483
1533 659
613 229
274 1882
768 535
1604 1589
440 643
785 663
342 1876
1859 1318
477 1260
835 882
758 1992
1826 1950
422 1888
1711 1597
19 1948
960 1336
1098 1938
139 1866
825 1743
728 913
11 217
849 353
1741 1764
727 922
297 1562
1429 703
1202 903
1926 545
1495 693
142 787
289 1454
475 91
1040 614
1230 217
334 1958
403 345
527 1956
1050 972
1720 1425
1894 369
1908 1675
697 1814
1851 975
359 1346
372 853
485 1365
1011 233
25 51
1199 1255
1541 1533
269 648
230 796
956 1280
472 1028
682 718
670 590
1314 71
756 1869
1750 388
1567 1770
1945 1325
1135 1877
1910 1864
632 1109
1471 525
267 444
1525 497
1592 481
1402 64
1486 84
1703 508
1026 1721
931 486
1590 329
1226 1509
803 92
1186 642
1969 1448
1427 953
1830 898
751 449
263 628
1650 1855
30 1756
1544 1868
1488 1599
1080 1570
24 11
977 1966
692 203
531 199
295 990
1193 616
1142 620
842 1324
439 1945
477 1406
925 1048
1613 955
1156 1157
1527 1565
1460 255
1839 1836
618 816
154 14
1940 1254
917 587
948 679
476 1738
1651 1670
335 794
1967 812
1848 892
212 734
1824 641
595 999
910 976
527 749
812 1849
486 1887
1840 426
197 405
1365 793
1788 193
1235 360
1863 274
1858 886
7 979
1051 923
1713 523
1916 660
226 826
1988 1457
848 73
931 982
312 771
1760 509
1880 1125
6 589
591 1593
1653 806
788 1863
261 795
490 1664
70 555
891 1259
488 1821
789 476
903 1989
197 1834
1323 861
957 1787
74 485
537 1728
1426 776
242 1783
286 1734
567 899
881 1761
1267 1303
1589 510
1266 77
1956 1680
905 859
1317 23
1045 617
1588 1650
756 583
839 1293
663 1538
773 1609
1673 1980
1695 944
1231 576
1978 1067
1856 1919
633 1474
1996 589
802 1253
1800 96
1628 845
361 489
1199 1469
1424 959
1683 791
1201 456
25 1226
788 1720
1443 588
1921 1773
711 1777
1692 1344
1603 40
1206 1678
1645 1006
126 546
1476 839
1739 323
1012 1867
1986 695
1010 1539
776 1387
38 1564
380 1833
504 1005
1606 1215
1134 946
1832 737
1690 1390
1471 1335
1100 1597
585 224
1140 1972
524 369
191 510
1768 122
970 896
1509 1008
1029 241
1193 1885
1598 799
373 732
97 557
1094 491
1947 213
178 1047
1083 1684
896 575
8 1420
1648 1472
282 337
1946 1956
1233 159
1316 1318
1673 509
476 1271
1660 1201
924 461
1758 1666
600 1705
583 51
1104 18
87 704
1514 799
124 1514
623 1327
555 1273
1635 709
1 1520
379 26
381 855
1649 1314
408 925
1423 166
591 1296
927 799
1699 1304
1169 490
1656 1387
1641 1405
174 833
732 377
810 367
1438 1163
943 1090
1893 597
297 111
1559 1978
1036 1686
496 1252
38 696
403 1737
0 1572
579 712
1880 1141
117 406
678 1553
1135 1488
841 1846
1924 1784
1640 1465
733 289
1928 996
971 237
1603 740
1841 1641
1788 948
1003 844
872 1934
1556 752
1779 946
1862 809
147 1566
866 1692
116 1142
749 108
959 186
1101 160
103 993
1453 1706
789 1998
1699 1281
594 1054
1773 1466
613 33
195 392
1331 1705
1770 751
1975 988
443 1147
482 1544
1607 497
651 1629
1361 754
1678 814
1516 467
1164 1567
100 1758
1894 577
849 507
962 1044
1251 862
1805 1373
1261 701
713 760
200 251
1577 1080
1317 580
1061 678
38 739
413 1202
1206 1929
1473 1658
960 1367
587 161
226 1549
1557 398
763 66
123 376
1471 109
1705 240
712 1634
1672 29
214 733
332 604
176 1097
510 1734
1026 1983
96 338
623 683
1203 1201
584 1464
303 268
803 1347
644 1922
160 1405
1218 1224
1039 890
526 309
327 1210
913 151
307 127
589 37
1383 685
1648 1654
1720 1203
1559 1225
1940 783
1493 391
834 489
1369 1346
815 1156
1274 910
750 152
1788 1998
1362 1405
853 21
453 11
979 1836
1752 979
546 41
182 457
1970 474
1944 1815
1569 1130
656 1507
828 175
1367 1023
6 1765
823 498
1763 1810
255 1889
1831 1412
604 810
304 4
1789 850
749 1596
580 1071
70 172
1238 1264
223 1167
1123 1403
398 842
426 1108
607 874
1958 347
684 1838
1884 867
1954 840
598 1179
1548 739
29 1570
1039 961
993 30
406 1856
1294 981
1375 1121
384 1773
1963 435
506 922
1309 1024
546 1226
380 234
200 1674
906 1300
1304 844
1852 986
1808 1026
286 90
302 1498
1706 650
1276 1488
1620 908
1500 1234
330 384
1136 1820
112 386
1750 1766
1190 1224
1440 800
524 1448
1644 376
1138 156
676 1424
816 1682
1626 1226
902 902
1988 1226
1084 192
1734 1414
576 870
508 1392
1960 962
1158 1150
186 1302
1224 1984
750 1572
1064 1162
298 1740
586 1818
696 1486
1748 302
388 440
232 1472
632 1966
160 1912
1540 1372
1874 774
334 1736
628 1794
1608 1852
482 1062
698 1546
224 1700
560 84
222 1256
1570 1970
262 1958
1684 494
704 316
1734 1568
1502 1978
940 80
752 1274
1816 1950
1772 128
506 254
1760 1908
1074 688
1608 338
772 1830
298 1046
1074 560
278 1462
1758 982
1778 1492
550 1984
744 1490
64 200
1468 1154
854 514
1282 634
1472 1746
542 1250
1708 1424
1588 480
1958 1886
800 1736
446 1078
1198 1478
764 250
970 1314
234 418
1508 1572
1188 1680
1430 42
898 712
676 1644
1732 492
894 144
620 1052
624 578
1642 128
1588 1362
1206 1490
840 1970
1740 1810
1988 1248
1502 1496
1524 1394
450 954
1436 1348
370 1386
992 806
582 1160
950 1202
916 848
484 558
976 776
1920 1456
836 760
130 1280
548 1392
1232 50
1592 756
1444 42
414 1584
664 58
1674 360
864 256
224 384
162 1844
1936 624
972 1616
1400 1596
1072 940
1630 476
1494 882
572 1430
932 164
1460 1080
1480 1874
664 848
636 1612
1912 774
572 1410
1158 8
1254 1798
632 930
1414 736
1800 1760
950 134
940 444
1016 1512
1874 652
1676 38
1732 1860
1186 1100
708 1822
1416 1190
596 558
600 458
1270 1854
960 1902
58 944
1342 1858
1408 292
1992 1052
1440 1008
564 588
1660 944
626 96
1374 1812
1196 786
908 1182
680 208
444 1280
1940 418
408 900
1024 1170
548 366
1028 660
1228 1020
1712 1372
28 980
1960 392
1198 1860
488 572
376 388
62 1284
274 1312
766 718
1296 1410
1136 408
1014 864
1578 836
1800 606
1496 1732
330 482
1104 1062
1462 338
1454 660
198 646
1936 574
1604 568
1132 1878
584 602
1870 1880
12 1710
858 1730
1848 1140
566 1648
1020 632
84 1350
1114 1892
982 576
230 1140
510 428
1060 446
276 664
1718 112
1246 302
714 1820
1456 1430
804 1018
1160 652
158 1000
1004 1178
336 1088
1802 1450
980 1488
730 484
628 1944
1616 1688
1664 1892
1056 1382
708 1576
958 1422
1396 414
1556 200
1432 1990
1556 294
1694 560
746 30
352 548
184 606
36 1618
1090 1368
132 1410
330 500
576 1386
1882 1284
962 1544
1980 1632
662 240
536 798
934 662
1662 628
1926 408
658 848
1660 1546
158 1696
1734 1248
1768 570
1362 98
1070 1938
758 1656
496 424
474 1180
760 1136
1420 1866
504 1628
1232 870
256 1158
1982 188
6 1642
438 164
42 172
116 514
742 752
1886 516
690 1348
1446 1890
476 1920
1070 1806
1056 1764
376 264
1392 1608
1838 352
766 524
1244 46
166 252
914 912
424 304
1996 1144
1760 586
1660 450
1934 1106
1614 410
1026 684
216 60
448 1296
1028 1840
904 1436
1466 944
1960 710
1694 104
962 1312
1016 1364
320 1716
508 80
302 168
508 236
548 122
1920 278
806 840
338 528
706 1936
1072 314
76 1242
1962 740
1226 360
844 892
946 1134
256 1970
850 764
1324 426
206 1832
1366 1458
658 1286
1736 168
1400 1348
696 810
1284 1746
1828 64
988 1064
1508 214
1424 1626
1676 1074
760 636
318 314
674 346
1444 880
882 1380
338 1540
1370 74
1708 770
1422 1678
284 1410
1424 682
178 412
1746 256
1900 1874
1882 280
222 1346
916 1244
1660 1590
1590 378
470 472
462 1512
12 1832
860 424
580 986
102 864
1670 230
1546 1848
1916 1996
808 520
1144 1394
800 70
740 1716
1314 1674
580 1608
756 1754
784 1218
540 1500
1754 104
1924 334
1794 1300
472 168
234 18
1290 854
1288 98
1374 1136
766 174
1910 1506
1868 1928
1884 448
1536 640
906 320
1858 150
524 886
254 448
1220 1322
452 396
1490 1960
1688 780
814 1680
152 1462
816 1622
340 726
1832 208
654 286
1360 894
1630 836
1918 762
986 442
1648 514
1594 1572
1836 1320
538 1326
1984 226
1380 798
610 236
260 1426
1858 1874
856 1690
82 214
680 12
1108 880
1552 1730
346 1242
876 1994
1756 470
1566 296
494 808
896 478
1738 980
550 348
1920 810
478 482
684 1334
876 40
252 830
756 64
414 308
1794 760
1550 670
754 580
414 1024
876 908
1106 476
660 844
160 1210
466 80
724 1648
562 1386
256 712
1426 508
1542 182
1142 1956
1707 892
906 380
1344 857
1922 1313
1593 1503
1211 1768
649 1529
1453 228
1380 1980
164 1485
260 470
1456 508
538 191
1401 1831
692 1678
1045 399
1626 1951
1835 970
1160 680
283 1105
535 1121
1796 1536
650 1953
116 1305
1581 1555
1142 545
729 1302
1976 1267
197 1025
1450 537
1407 847
1640 1737
1150 1827
1630 1014
859 265
1175 1746
1386 971
1853 1311
1628 673
1320 1561
228 814
1029 1309
116 1005
928 665
734 1434
1906 493
281 1898
582 135
77 212
1501 1507
1752 1951
1253 1138
922 1810
1505 1473
110 1177
1386 1042
1991 415
1274 811
124 906
180 1210
911 86
407 1544
688 264
954 1688
476 807
1899 580
1110 1504
1345 1307
589 850
1132 1051
1302 1222
93 1645
912 1719
1731 1388
1196 263
225 459
1976 632
707 1016
544 13
704 647
95 955
1931 1909
438 1628
1568 1379
1049 1052
1134 703
1901 1579
348 1165
1869 431
1257 1769
321 1482
1284 1945
1037 1991
961 285
1279 1292
1284 1726
951 138
1987 1389
1766 478
768 1871
234 1902
574 135
756 549
4 1329
1332 184
1450 5
18 734
1950 1407
1077 186
615 708
182 603
1138 1133
1445 752
1445 134
1230 917
709 1816
446 206
1578 850
755 1582
531 1143
118 1037
1719 355
1771 373
114 1904
911 1433
1887 1445
959 81
1501 756
833 1650
1594 415
215 874
1506 1013
1784 1788
567 891
1018 1802
386 59
839 105
1470 962
105 288
141 1016
644 380
1736 307
461 1941
1415 217
1943 284
1336 158
1510 1194
446 1646
1334 1365
889 1627
90 1275
38 929
303 212
1518 408
500 11
480 1144
1095 568
1803 260
861 493
829 1156
1129 1440
589 991
986 1387
989 1595
1104 1878
1222 1898
1505 1964
1750 864
528 1972
1624 1732
1983 1027
1799 1782
299 1954
1690 787
1151 1794
1943 1928
1586 884
1271 572
623 964
167 1002
1194 445
900 1974
761 1354
1190 1993
1678 89
648 365
1820 447
1795 471
753 1464
1258 827
1610 476
1459 1196
1360 5
1768 1258
969 1562
964 1086
7 216
1412 43
493 1306
388 171
1043 1740
1459 863
539 1958
609 567
1774 219
98 1384
1399 1909
580 1682
618 1975
1644 510
1537 960
300 600
1528 416
995 725
1722 658
171 40
398 686
1255 1860
644 216
1131 1693
1710 1581
1429 1461
194 932
1847 1383
907 1843
245 796
1155 1249
100 1958
1313 370
683 1387
1380 1910
1779 130
596 309
694 163
1581 529
208 1643
110 1637
379 1227
569 578
1314 1828
1696 1559
1328 851
1160 351
1865 1177
721 1823
916 453
1381 1970
1287 900
631 1256
1767 916
137 1975
1834 1874
1964 565
1805 1808
1847 767
1988 1543
1382 591
21 542
1646 1886
71 719
61 1339
1876 717
13 1867
1969 1348
1475 1736
1187 1239
767 1021
1113 731
1938 1270
891 1785
741 154
955 475
1801 976
1369 1447
1214 144
1222 198
1835 1802
915 419
21 1236
119 419
1676 1306
362 91
1383 1827
1526 1673
1801 1340
733 894
550 1688
1369 351
1016 738
150 230
1234 76
428 1069
1526 1695
544 1547
931 1938
318 959
1596 680
1754 1902
859 203
1575 660
247 660
1906 797
1052 1275
1500 68
717 1650
1925 303
430 353
1351 1956
1675 1895
1855 1310
185 152
1192 704
1184 946
1662 1670
1501 1941
1034 1748
1876 1863
897 576
1842 397
1919 186
751 548
1193 1533
1253 192
1489 928
1714 971
1161 1547
1475 705
955 1011
355 617
1385 1131
1481 990
1231 1709
1557 1755
637 1751
152 1260
1937 530
160 53
63 336
1301 827
1616 1015
502 1481
1837 329
186 1144
44 168
1388 0
1651 1221
1342 1234
1282 1955
989 623
1706 1120
1510 1270
1298 374
1675 65
1062 1680
1596 1953
1618 1746
1082 1807
779 895
1655 1394
1415 1395
1746 1066
1320 1792
652 1658
1747 1620
1556 157
388 1066
1779 390
1792 158
455 1425
761 974
1378 1083
1776 1164
890 1478
411 897
1576 1826
1919 1674
1596 1591
170 1875
1820 621
1495 80
1130 587
1850 1832
1329 1642
694 488
123 1807
1814 205
890 865
292 132
343 1407
656 271
508 575
649 456
166 1171
1035 1042
1792 178
1122 1978
1117 1324
514 446
593 131
1857 716
1938 23
1844 103
888 136
1291 1583
1895 1947
558 1459
874 1559
1190 315
730 1873
1709 874
1678 106
127 1499
1782 641
868 375
772 1429
366 689
156 562
1144 671
1402 435
254 1649
1657 439
383 883
1998 1221
1198 1651
1446 182
1229 1828
640 1356
1898 1126
1624 1470
1128 748
1251 1846
1437 1759
408 933
782 162
643 311
515 652
1102 898
1535 748
471 360
1103 1192
894 1607
1020 1886
1315 1974
1364 939
1444 1196
610 1751
1042 751
433 1450
607 1919
1964 1602
1256 152
920 1808
1440 612
1884 1672
1380 760
264 1004
1732 1240
1940 444
1020 976
472 412
1104 240
1220 1348
1624 1608
236 196
1716 1544
492 248
400 116
760 1840
1432 644
216 1384
680 480
388 412
996 1604
1560 16
580 1308
1132 1684
252 352
1736 1876
664 544
72 1656
792 1268
1904 1192
1384 664
1736 92
584 1228
180 1264
412 1272
380 112
876 512
128 1456
1820 536
1120 776
1592 856
1224 828
1400 0
484 896
1840 1092
792 1928
460 1100
20 1044
1032 200
308 1444
748 1964
832 1624
476 1664
356 1000
200 1476
1776 1068
332 1704
600 1712
276 1084
608 820
880 1972
748 1340
1776 44
1660 1512
948 1968
1660 1696
636 492
596 1112
1432 1656
816 336
1836 1868
1404 872
1572 708
584 552
1792 1764
76 1376
440 100
1992 920
848 1652
1136 1796
324 796
768 1532
564 1364
1348 700
1724 1440
1036 1560
1308 1716
432 1584
424 1588
1412 196
56 192
1572 1200
292 1564
824 1140
1216 1960
212 816
1460 1684
1052 24
1048 400
1428 1476
1840 1740
1036 1852
1456 172
712 584
464 828
780 1224
1020 1628
424 588
1896 1952
432 388
616 1348
1908 648
1032 960
1376 784
1360 80
260 1180
1820 0
1032 1980
744 448
1268 1208
1276 1324
1708 276
1656 836
864 1552
64 0
644 680
624 552
32 1656
1512 684
1716 148
764 1976
1328 1288
1252 1064
1268 700
788 536
612 768
564 320
1044 220
432 612
344 496
1888 988
1176 512
816 484
872 328
1872 588
1180 1340
544 1212
628 1796
848 600
496 340
1136 1812
1108 976
704 1428
1196 1840
40 244
336 1928
508 216
1144 1324
700 1292
356 1276
584 812
616 1128
24 1948
924 1576
548 124
1916 960
1212 300
1936 620
1728 1836
460 472
1356 796
1676 1864
1716 820
1892 1692
816 952
968 1972
1764 860
1804 1064
808 4
640 632
832 1832
1592 44
132 232
664 1860
68 1124
332 1424
624 712
1992 1616
808 588
1308 1624
112 980
300 580
1840 1380
1644 1924
1384 1560
556 920
1392 852
1536 1524
1084 904
88 1856
1304 1124
556 632
408 1252
248 1216
412 260
1544 1228
1812 1120
1808 356
1204 728
280 1292
288 836
212 1680
392 1748
1908 1476
1928 1996
608 1936
1120 1868
568 232
1824 92
152 236
352 972
168 868
796 1252
1796 0
684 780
1292 972
892 1504
1356 1284
528 1264
36 1160
1964 1348
1096 1788
1216 368
592 1040
1164 1448
1256 792
420 1424
364 1216
1380 160
1216 64
216 1212
1740 1812
1992 1096
1096 520
1064 1836
384 1028
1184 184
92 1104
1256 684
124 992
132 1380
488 1828
1508 852
1748 1460
288 240
228 1208
1452 1244
1020 1444
340 820
668 680
1932 1756
412 1820
1940 504
200 1768
1892 324
1464 1300
1704 656
1832 1212
1508 1580
1376 500
1820 880
1708 548
124 1432
696 1168
824 640
552 1460
396 1536
1280 1612
40 1480
84 1208
1804 1548
508 1508
908 340
1996 416
624 76
192 1720
956 1900
268 1784
608 1668
228 136
308 780
1596 1980
1020 876
1592 336
1632 380
1544 1436
632 756
220 1540
1800 920
1956 424
996 852
144 1228
28 1116
1716 1340
1356 1944
1476 368
0 1776
348 1020
652 644
1356 284
1024 1604
996 1656
360 1920
1196 864
840 1132
1860 1836
1984 708
1768 716
396 760
56 456
1408 1532
824 1408
1308 448
1704 1236
1796 1764
224 96
644 1924
1752 1004
1844 224
1144 684
1356 1708
500 44
416 268
1332 1516
1732 92
1972 1712
900 72
1824 912
1224 1528
852 1724
568 1648
1820 1212
276 848
920 692
1776 768
80 1836
476 580
1880 1464
124 1916
1684 1856
580 932
272 184
1004 668
1096 932
900 520
656 172
872 1752
88 1852
600 284
544 1080
1052 1900
916 804
1184 796
972 1308
1988 656
1144 1272
1588 1416
1456 1296
788 1256
932 964
480 864
1840 56
616 500
480 1920
1488 1728
1000 1244
1628 1916
48 88
1416 1724
100 1404
952 1244
1380 1244
1936 836
1816 724
1368 748
392 1848
1612 804
476 932
8 956
852 1496
1388 1852
1444 292

10
1280 168
1418 952
1885 782
110 1969
913 362
580 760
708 1854
432 1424
1760 586
1418 1348

50
