1000
55 206
545 275
953 623
914 732
569 829
810 283
994 131
123 134
892 770
708 200
755 24
463 861
118 314
502 203
635 463
233 42
86 130
669 391
753 704
179 322
885 989
957 879
472 849
782 68
971 490
37 726
987 204
708 809
870 562
12 857
25 245
20 815
144 41
558 897
97 737
692 751
782 353
630 375
850 764
795 942
727 888
668 714
92 728
875 787
994 591
644 436
188 16
603 36
122 282
406 923
371 450
674 570
451 73
297 126
189 444
68 268
453 792
334 897
641 913
36 635
856 449
423 165
465 147
553 643
781 311
335 504
761 657
426 37
786 427
811 392
344 583
12 797
727 467
398 368
84 851
476 61
652 251
578 173
750 483
233 235
915 568
508 732
929 638
769 484
186 932
580 882
867 296
679 715
115 429
83 320
336 911
733 692
579 663
282 33
850 219
37 765
139 249
266 420
887 739
608 425
792 540
307 659
605 42
726 424
592 578
96 280
193 181
389 124
548 23
926 815
594 667
636 733
564 902
209 507
410 586
349 554
182 712
565 139
523 412
684 467
990 132
747 535
434 488
780 334
511 410
149 809
725 554
894 993
160 872
500 922
162 905
180 696
386 514
252 613
926 992
432 972
124 883
507 614
492 639
365 355
49 570
285 830
828 531
527 405
403 796
383 917
53 684
734 143
198 338
404 180
330 540
152 158
192 11
541 332
771 610
391 172
180 324
771 129
976 650
886 731
150 973
121 972
305 207
763 559
545 992
739 579
180 243
793 724
23 334
760 146
0 920
374 301
948 849
782 276
916 372
128 418
993 249
390 771
456 274
330 57
618 838
636 854
433 781
699 456
236 811
306 588
731 449
889 280
852 278
640 764
326 440
450 66
778 766
136 578
490 68
348 406
96 916
972 860
400 194
356 72
160 778
368 392
700 652
376 552
634 16
438 378
578 592
148 60
62 988
760 970
56 812
80 274
850 52
838 250
950 194
26 528
676 394
624 80
46 704
754 802
720 896
884 2
488 32
184 550
724 648
520 780
164 722
758 14
478 300
968 550
616 994
782 996
510 406
198 556
814 656
62 534
552 946
658 40
682 546
294 110
194 936
12 62
362 474
198 840
192 870
390 512
986 876
508 496
282 706
756 800
362 236
456 618
886 114
362 394
364 74
504 262
714 516
324 76
112 522
620 8
514 836
224 500
712 732
996 116
560 752
916 626
692 372
366 700
190 728
798 554
506 302
816 220
940 262
0 756
784 742
764 298
578 988
502 290
424 498
110 688
372 148
436 64
520 802
468 832
530 266
386 158
690 324
82 630
586 500
90 74
946 558
198 228
250 700
222 674
616 454
484 692
602 920
756 122
426 346
658 660
316 166
818 6
194 318
340 484
522 430
262 172
988 460
400 942
578 326
738 898
780 222
590 382
846 50
626 272
100 988
932 834
154 872
544 52
894 6
536 120
436 216
292 250
676 396
192 958
426 930
856 624
152 150
710 702
322 40
974 422
446 28
256 304
604 922
478 202
928 14
322 68
934 318
318 732
418 632
690 844
562 668
468 836
818 300
538 140
340 634
684 490
366 644
916 970
566 394
172 198
408 494
388 464
516 706
196 934
42 886
778 22
258 368
562 198
668 100
42 712
734 726
324 100
492 240
774 762
338 946
378 746
144 766
210 364
176 110
298 340
118 198
362 376
566 628
278 938
728 442
354 584
872 678
388 364
622 284
544 960
934 626
828 200
96 742
564 976
974 984
316 92
182 382
172 748
10 572
390 860
14 744
444 886
544 536
372 870
820 620
952 172
246 484
76 46
226 640
22 904
624 460
996 806
842 290
258 974
566 352
538 580
218 982
170 762
222 246
336 460
866 288
336 816
772 412
566 120
756 710
24 502
170 142
12 716
136 392
394 702
744 932
986 962
618 860
428 258
228 182
422 798
174 462
736 364
874 302
188 334
12 916
836 886
762 970
20 898
362 118
304 106
468 994
190 86
976 618
48 908
504 470
706 96
932 146
164 510
570 56
966 582
972 802
590 152
476 314
754 838
432 180
66 900
878 256
108 558
874 156
466 500
748 294
596 384
144 464
16 714
520 982
418 492
488 8
348 86
26 224
924 458
108 990
480 986
950 292
666 946
152 836
446 604
834 746
406 396
210 126
814 730
108 936
926 300
648 396
386 674
620 432
550 728
126 734
418 494
26 788
144 882
42 590
904 580
40 14
680 250
140 912
684 952
552 314
956 618
710 760
292 330
896 546
762 22
984 302
516 714
90 660
14 836
954 622
834 994
636 514
948 480
130 336
432 804
772 388
422 482
852 418
934 748
86 696
188 70
998 408
906 210
190 920
46 848
542 584
964 882
220 616
362 54
74 794
858 846
886 984
328 860
820 966
608 610
80 500
384 782
30 290
992 924
914 160
476 160
744 440
42 668
178 404
140 956
902 998
506 910
104 538
770 628
922 82
238 706
0 326
488 734
738 602
362 356
466 838
638 914
400 680
0 282
910 844
238 812
546 448
426 650
986 196
278 612
400 220
318 104
668 632
838 406
938 200
466 404
38 104
318 142
906 22
424 816
866 366
332 534
518 880
184 922
780 584
238 180
804 678
284 472
310 826
582 248
730 170
356 890
274 378
32 884
522 578
404 92
648 858
626 584
442 932
210 222
220 152
524 24
830 808
322 844
756 904
796 486
74 152
376 470
652 530
58 878
812 880
970 460
442 718
748 884
354 958
106 574
232 630
302 62
560 624
28 316
650 824
802 428
802 300
602 454
830 78
332 642
662 6
806 104
724 972
988 78
634 798
356 570
846 780
754 110
404 782
426 758
310 932
308 112
232 910
270 766
692 306
112 354
730 336
458 158
12 150
358 350
366 714
338 916
494 92
730 286
371 470
391 256
496 405
87 975
225 616
804 39
750 751
433 537
843 680
494 645
124 519
430 281
209 141
703 894
739 270
884 462
740 342
489 588
451 576
267 380
896 546
190 294
945 623
535 492
655 152
137 779
23 919
412 936
535 115
953 274
89 485
507 181
531 996
596 457
572 511
485 820
57 27
237 58
2 420
550 780
276 39
263 70
81 798
6 320
617 311
946 477
919 805
362 506
801 310
611 429
944 219
372 57
246 257
534 371
381 140
855 428
950 822
202 735
972 208
407 712
290 1
893 913
929 607
771 434
688 505
282 336
428 6
41 26
967 631
101 700
542 308
832 492
901 34
283 873
717 690
585 711
395 830
976 324
208 451
177 600
308 515
288 384
521 33
533 840
435 986
540 977
65 847
821 670
585 104
247 950
498 603
13 245
489 45
340 697
563 869
1 575
384 289
378 257
93 967
97 880
953 989
209 722
540 734
744 192
542 410
198 392
69 334
989 558
379 329
378 646
902 731
992 638
143 74
895 588
41 48
172 346
160 85
839 700
523 287
244 417
49 565
161 822
603 502
151 334
954 233
751 504
964 447
265 459
873 864
751 562
683 627
612 843
64 803
191 235
861 910
356 614
475 869
207 430
494 62
764 96
295 867
952 611
314 921
841 539
556 592
805 239
990 188
730 406
695 977
764 260
887 120
645 66
464 556
848 606
266 87
758 913
658 710
524 743
754 365
986 662
432 914
549 774
102 983
884 149
312 648
532 322
243 529
740 355
437 415
665 703
502 423
320 808
189 196
255 295
684 364
957 468
278 210
298 380
545 182
233 628
601 117
302 196
998 746
551 435
513 920
842 367
399 866
298 940
481 553
654 517
917 315
41 547
296 339
279 193
873 987
173 474
104 179
670 577
400 277
716 913
549 329
51 948
547 349
11 380
958 17
601 646
684 994
897 980
685 299
944 977
286 117
803 446
67 948
671 171
225 510
436 897
191 487
197 442
892 560
945 269
577 898
267 384
663 516
716 348
519 308
325 157
548 955
374 319
255 397
842 480
259 278
433 450
888 753
15 484
665 608
105 365
506 76
101 873
715 817
992 882
248 21
810 852
624 536
523 879
933 69
834 315
347 267
821 291
372 836
546 160
796 651
877 777
498 978
2 565
147 994
799 451
434 313
655 114
201 178
764 905
599 654
276 421
273 97
712 64
704 962
576 204
384 453
981 586
783 402
151 986
100 950
856 886
34 511
771 587
164 239
196 467
245 472
240 518
692 75
934 44
685 214
952 773
19 352
7 154
810 862
263 910
583 119
567 673
686 42
260 850
633 931
792 878
755 32
100 447
459 157
843 915
19 214
392 161
622 522
315 432
32 930
694 967
753 965
344 210
359 375
764 696
306 908
926 61
711 149
279 818
954 826
437 29
392 248
838 718
122 628
854 858
262 671
300 786
988 644
700 470
371 816
166 29
847 919
213 910
716 844
432 726
22 640
755 537
240 364
255 66
696 880
276 958
551 224
448 243
287 852
713 10
791 354
162 990
921 727
252 341
571 332
419 945
676 526
186 916
890 916
334 290
500 381
371 51
309 171
646 948
442 130
81 585
188 595
927 109
322 179
506 597
215 573
246 662
99 907
930 816
823 35
106 323

5
160 778
624 460
442 718
102 983
273 97

20