100
532095    894141
189043    613426
550977    415724
003973    605760
894230    666812
073072    740658
640180    926186
389914    553149
046918    172275
820327    578957
166575    597895
587999    824301
184717    060804
264707    661072
564959    824897
986991    654621
214221    611877
997171    807318
233578    380796
209772    585171
631619    418295
441601    474479
246242    196578
243191    428592
129101    460463
808454    240363
235910    362678
841259    018226
825533    867529
780973    282859
492706    071775
064106    024164
711451    621806
532239    872561
264527    947361
984485    373498
890788    090060
814890    765458
656357    383494
161836    878997
789622    367808
005299    694075
751558    054149
315169    989785
067572    642346
144209    130059
755242    723929
025839    306045
009056    544864
091736    031139
000120    760615
599014    406906
020924    067692
402961    743223
536965    776167
791622    428800
049268    546021
321031    883358
459940    049388
306635    920045
290264    480864
117081    709596
663268    827229
257030    908703
138396    712536
373250    578061
792062    598336
761925    679885
498106    082325
079199    879007
389481    161374
909555    336230
787710    527877
873910    282804
914291    579771
126212    635836
962689    412397
662097    205412
514842    352170
573771    571652
541641    302552
880047    447681
854456    455932
882323    006259
083516    817145
868329    544420
211671    598359
169315    442100
116072    753312
900911    049362
889781    970528
209244    783234
055621    973298
787673    077573
327654    267293
571657    956988
519674    443726
020604    472568
006350    409455
414254    229849

4
389914    553149
825533    867529
498106    082325
211671    598359

5
